
 ==============================
 S N O P T  7.7.7    (Feb 2021)
 ==============================

 SNMEMB EXIT 100 -- finished successfully
 SNMEMB INFO 104 -- memory requirements estimated

 ==============================
 S N O P T  7.7.7    (Feb 2021)
 ==============================



 Nonlinear constraints       4     Linear constraints       0
 Nonlinear variables        32     Linear variables         0
 Jacobian  variables        32     Objective variables     32
 Total constraints           4     Total variables         32



 The user has defined     128   out of     128   constraint gradients.
 The user has defined      32   out of      32   objective  gradients.


 Major Minors     Step   nCon Feasible  Optimal  MeritFunction     nS Penalty
     0     32               1  1.3E+00  5.4E-01  1.3224717E+00     27           r
     1      3  4.0E-01      2  5.9E-01  3.9E-01  1.1588314E+01     29 1.2E+00   rl
     2      2  1.0E+00      4  2.4E+00  1.2E+00  8.1360786E-01     28 1.2E+00 sM
     3      4  4.2E-03      5  1.5E+00  1.1E+01  8.1289279E-01     29 1.2E+00
     4     21  5.2E-02      7  1.1E+00  7.6E-01  8.1283071E-01      9 1.2E+00 sM
     5     42  2.0E-04      8  8.6E-01  1.1E+01  8.1247302E-01     19 1.2E+00
     6     23  6.4E-02      9  8.0E-01  9.4E-01  7.9613281E-01     20 1.2E+00
     7     26  7.7E-02     10  6.9E-01  2.1E+00  7.7740396E-01     25 1.2E+00
     8      4  2.4E-01     11  5.3E-01  3.8E+00  7.3141136E-01     24 1.2E+00
     9      9  6.0E-02     12  5.0E-01  3.2E+00  7.2152443E-01     23 1.2E+00

 Major Minors     Step   nCon Feasible  Optimal  MeritFunction     nS Penalty
    10     17  3.7E-02     13  4.7E-01  5.9E-01  7.1561758E-01     20 1.2E+00
    11     12  4.6E-02     14  4.2E-01  7.6E-01  7.0869649E-01     23 1.2E+00
    12     12  5.8E-02     15  3.9E-01  5.0E-01  6.9964990E-01     20 1.2E+00
    13     18  1.3E-01     16  2.8E-01  2.4E+00  6.8463377E-01     25 1.2E+00
    14     13  1.7E-01     17  2.3E-01  3.3E-01  6.6335384E-01     26 1.2E+00
    15     10  8.7E-02     18  2.1E-01  2.3E+00  6.5351159E-01     26 1.2E+00
    16      2  1.2E-01     19  1.8E-01  5.7E-01  6.4199965E-01     26 1.2E+00
    17      6  2.2E-01     21  1.4E-01  1.4E+00  6.2074508E-01     27 1.2E+00  M
    18     37  4.5E-02     23  2.2E-01  1.8E-01  6.1822348E-01     24 1.2E+00  m
    19     12  9.0E-02     24  1.7E-01  2.6E-01  6.1194669E-01     27 1.2E+00

 Major Minors     Step   nCon Feasible  Optimal  MeritFunction     nS Penalty
    20      6  5.2E-02     25  1.6E-01  3.6E-01  6.0887106E-01     26 1.2E+00
    21      7  4.2E-02     26  1.5E-01  6.0E-01  6.0632526E-01     24 1.2E+00
    22      5  2.0E-01     27  1.4E-01  1.3E+00  5.9588474E-01     26 1.2E+00
    23      4  3.8E-01     28  9.1E-02  1.3E+00  5.8269136E-01     25 1.2E+00
    24      2  4.3E-01     29  6.6E-02  3.2E+00  5.7236903E-01     24 1.2E+00
    25      4  1.0E-01     30  5.9E-02  2.7E+00  5.7106486E-01     23 1.2E+00
    26      6  3.7E-02     31  5.8E-02  2.2E+00  5.7426728E-01     24 1.2E+00
    27      5  6.7E-02     32  5.5E-02  2.1E+00  5.7295644E-01     26 1.2E+00
    28      2  9.2E-02     33  5.0E-02  1.5E-01  5.7146126E-01     27 1.2E+00
    29      1  1.1E-01     35  4.4E-02  1.6E-01  5.6918197E-01     27 1.2E+00  M

 Major Minors     Step   nCon Feasible  Optimal  MeritFunction     nS Penalty
    30     23  2.7E-02     36  4.3E-02  4.9E-01  5.6870977E-01     24 1.2E+00
    31      2  1.9E-02     37  4.3E-02  3.0E-01  5.6850058E-01     23 1.2E+00
    32      4  2.1E-02     38  4.2E-02  1.4E+00  5.6839448E-01     26 1.2E+00
    33      1  2.0E-01     39  3.5E-02  1.2E+00  5.6778542E-01     26 1.2E+00
    34      1  1.0E+00     40  1.2E-02  2.1E+00  5.6682010E-01     26 1.2E+00
    35      2  1.0E+00     41  6.5E-03  1.0E+00  5.6570408E-01     27 1.2E+00
    36      2  4.2E-01     42  5.7E-03  3.0E-01  5.6549630E-01     26 1.2E+00
    37      3  1.0E+00     43  2.7E-03  7.7E-01  5.6527010E-01     28 1.2E+00
    38      1  1.0E+00     44  3.0E-03  8.3E-01  5.6523531E-01     28 1.2E+00
    39      3  1.0E+00     45  1.0E-03  4.6E-01  5.6514247E-01     26 1.2E+00

 Major Minors     Step   nCon Feasible  Optimal  MeritFunction     nS Penalty
    40      3  4.5E-01     46  1.0E-03  1.4E-01  5.6512594E-01     28 1.2E+00
    41      2  1.0E+00     47  1.9E-04  2.3E-01  5.6509668E-01     27 1.2E+00
    42      1  1.0E+00     48  3.0E-04  9.8E-02  5.6506046E-01     27 1.2E+00
    43      2  1.0E+00     49  5.9E-04  6.2E-01  5.6504464E-01     28 1.2E+00
    44      2  1.0E+00     50  5.5E-04  1.7E-01  5.6501768E-01     27 1.2E+00
    45      2  1.0E+00     51  7.2E-05  1.5E-01  5.6500318E-01     28 1.2E+00
    46      2  1.0E+00     52  5.5E-04  1.0E-01  5.6498357E-01     27 1.2E+00
    47      1  1.0E+00     53  6.2E-05  2.9E-02  5.6497669E-01     27 1.2E+00
    48      1  1.0E+00     54  7.8E-05  1.2E-01  5.6497184E-01     27 1.2E+00
    49      1  1.0E+00     55  2.6E-05  1.3E-01  5.6496931E-01     27 1.2E+00

 Major Minors     Step   nCon Feasible  Optimal  MeritFunction     nS Penalty
    50      1  1.0E+00     56  3.2E-05  8.0E-02  5.6496647E-01     27 1.2E+00
    51      1  1.0E+00     57  2.3E-05  2.8E-02  5.6496436E-01     27 1.2E+00
    52      1  1.0E+00     58  2.6E-05  3.7E-02  5.6496289E-01     27 1.2E+00
    53      1  1.0E+00     59  1.0E-05  3.9E-02  5.6496223E-01     27 1.2E+00
    54      1  1.0E+00     60 (5.2E-06) 1.6E-02  5.6496175E-01     27 1.2E+00
    55      1  1.0E+00     61 (1.7E-06) 1.2E-02  5.6496142E-01     27 1.2E+00
    56      1  1.0E+00     62 (1.1E-06) 2.8E-02  5.6496119E-01     27 1.2E+00
    57      1  1.0E+00     63 (1.1E-06) 2.8E-02  5.6496101E-01     27 1.2E+00
    58      1  1.0E+00     64 (8.4E-07) 1.6E-02  5.6496087E-01     27 1.2E+00
    59      1  1.0E+00     65 (6.3E-07) 4.7E-03  5.6496077E-01     27 1.2E+00

 Major Minors     Step   nCon Feasible  Optimal  MeritFunction     nS Penalty
    60      1  1.0E+00     66 (6.1E-07) 1.0E-02  5.6496071E-01     27 1.2E+00
    61      1  1.0E+00     67 (5.1E-07) 1.3E-02  5.6496065E-01     27 1.2E+00
    62      1  1.0E+00     68 (3.5E-07) 8.2E-03  5.6496060E-01     27 1.2E+00
    63      1  1.0E+00     69 (2.4E-07) 9.6E-04  5.6496057E-01     27 1.2E+00
    64      1  1.0E+00     70 (2.0E-07) 4.5E-03  5.6496055E-01     27 1.2E+00
    65      1  1.0E+00     71 (1.5E-07) 5.8E-03  5.6496053E-01     27 1.2E+00
    66      1  1.0E+00     72 (1.1E-07) 4.0E-03  5.6496051E-01     27 1.2E+00
    67      1  1.0E+00     73 (6.6E-08) 1.6E-03  5.6496049E-01     27 1.2E+00
    68      1  1.0E+00     74 (9.3E-08) 5.0E-03  5.6496047E-01     27 1.2E+00
    69      1  1.0E+00     75 (1.5E-07) 7.7E-03  5.6496045E-01     27 1.2E+00

 Major Minors     Step   nCon Feasible  Optimal  MeritFunction     nS Penalty
    70      1  1.0E+00     76 (1.3E-07) 7.2E-03  5.6496043E-01     27 1.2E+00
    71      1  1.0E+00     77 (5.2E-08) 4.1E-03  5.6496042E-01     27 1.2E+00
    72      1  1.0E+00     78 (4.9E-08) 1.0E-03  5.6496041E-01     27 1.2E+00
    73      1  1.0E+00     79 (6.1E-08) 9.1E-04  5.6496040E-01     27 1.2E+00
    74      1  1.0E+00     80 (5.0E-08) 1.0E-03  5.6496039E-01     27 1.2E+00
    75      1  1.0E+00     81 (2.5E-08) 8.0E-04  5.6496039E-01     27 1.2E+00
    76      1  1.0E+00     82 (1.4E-08) 1.6E-03  5.6496038E-01     27 1.2E+00
    77      1  1.0E+00     83 (2.5E-08) 2.0E-03  5.6496038E-01     27 1.2E+00
    78      1  1.0E+00     84 (1.6E-08) 1.7E-03  5.6496038E-01     27 1.2E+00
    79      1  1.0E+00     85 (9.0E-09) 1.1E-03  5.6496038E-01     27 1.2E+00

 Major Minors     Step   nCon Feasible  Optimal  MeritFunction     nS Penalty
    80      1  1.0E+00     86 (8.8E-09) 3.7E-04  5.6496038E-01     27 1.2E+00
    81      1  1.0E+00     87 (9.7E-09) 2.0E-04  5.6496038E-01     27 1.2E+00
    82      1  1.0E+00     88 (7.7E-09) 3.5E-04  5.6496038E-01     27 1.2E+00
    83      1  1.0E+00     89 (3.8E-09) 4.1E-04  5.6496038E-01     27 1.2E+00
    84      1  1.0E+00     90 (2.4E-09) 5.0E-04  5.6496038E-01     27 1.2E+00
    85      1  1.0E+00     91 (2.7E-09) 5.0E-04  5.6496038E-01     27 1.2E+00
    86      1  1.0E+00     92 (3.6E-09) 3.9E-04  5.6496038E-01     27 1.2E+00
    87      1  1.0E+00     93 (2.0E-09) 2.6E-04  5.6496038E-01     27 1.2E+00
    88      1  1.0E+00     94 (4.0E-10) 1.4E-04  5.6496038E-01     27 1.2E+00
    89      1  1.0E+00     95 (1.1E-10) 9.3E-05  5.6496038E-01     27 1.2E+00

 Major Minors     Step   nCon Feasible  Optimal  MeritFunction     nS Penalty
    90      1  1.0E+00     96 (6.2E-11) 1.6E-05  5.6496038E-01     27 1.2E+00
    91      1  1.0E+00     97 (2.1E-11) 2.7E-05  5.6496038E-01     27 1.2E+00
    92      1  1.0E+00     98 (9.0E-12) 3.7E-05  5.6496038E-01     27 1.2E+00
    93      1  1.0E+00     99 (6.9E-12) 2.5E-05  5.6496038E-01     27 1.2E+00
    94      1  1.0E+00    100 (3.4E-12) 4.2E-06  5.6496038E-01     27 1.2E+00
    95      1  1.0E+00    101 (1.3E-12) 8.8E-06  5.6496038E-01     27 1.2E+00
    96      1  1.0E+00    102 (6.7E-13) 1.2E-05  5.6496038E-01     27 1.2E+00
    97      1  1.0E+00    103 (5.0E-13) 7.6E-06  5.6496038E-01     27 1.2E+00
    98      1  1.0E+00    104 (1.9E-13) 1.6E-06  5.6496038E-01     27 1.2E+00
    99      1  1.0E+00    105 (5.4E-14) 1.5E-06  5.6496038E-01     27 1.2E+00

 Major Minors     Step   nCon Feasible  Optimal  MeritFunction     nS Penalty
   100      1  1.5E-01    106 (4.8E-14) 1.7E-06  5.6496038E-01     27 1.2E+00
   101      1  1.0E+00    107 (1.0E-13) 1.7E-06  5.6496038E-01     27 1.2E+00
   101      1             107 (1.0E-13) 1.3E-06  5.6496038E-01     27           R
   102      1  2.1E-06    108 (1.1E-13) 1.3E-06  5.6496038E-01     27 2.9E+09   R
   102      1             108 (1.1E-13) 6.5E-07  5.6496038E-01     27           r
   103      1  7.1E-07    109 (1.1E-13) 8.1E-07  5.6496038E-01     27         s
   104      1  2.4E-02    110 (1.1E-13) 7.7E-07  5.6496038E-01     27

 SNOPTC EXIT   0 -- finished successfully
 SNOPTC INFO   3 -- requested accuracy could not be achieved

 Problem name                 Optimiza
 No. of iterations                 463   Objective            5.6496037516E-01
 No. of major iterations           104   Linear    obj. term  0.0000000000E+00
 Penalty parameter           3.588E+09   Nonlinear obj. term  5.6496037516E-01
 User function calls (total)       348   Calls with modes 1,2 (known g)    110
 No. of superbasics                 27   No. of basic nonlinears             3
 No. of degenerate steps             0   Percentage                       0.00
 Max x                       2 6.6E+00   Max pi                      2 5.8E-02
 Max Primal infeas          34 6.9E-13   Max Dual infeas            36 1.3E-02
 Nonlinear constraint violn    6.9E-13



 Solution printed on file  18

 Time for MPS input                             0.00 seconds
 Time for solving problem                    3743.44 seconds
 Time for solution output                       0.00 seconds
 Time for constraint functions               3743.42 seconds
 Time for objective function                    0.00 seconds
