-1.4251126153846154
0.02209476923076914
0.022094769230769362
0.022094769230769362
0.02209476923076925
0.02209476923076914
0.02209476923076914
0.02209476923076925
0.02209476923076925
0.02209476923076914
0.02209476923076914
0.022094769230769362
0.022094769230769362
0.02209476923076925
0.02209476923076925
0.02209476923076914
0.02209476923076925
0.02209476923076925
0.02209476923076914
0.02209476923076925
0.022094769230769362
0.02209476923076914
0.02209476923076914
0.022094769230769307
0.02209476923076925
0.022094769230769196
0.022094769230769196
0.022094769230769307
0.02209476923076925
0.02209476923076914
0.022094769230769196
0.022094769230769307
0.022094769230769196
0.022094769230769196
0.022094769230769307
0.022094769230769196
0.016977038461538363
0.022094769230769196
0.027212500000000084
0.022094769230769307
0.02209476923076925
0.022094769230769196
0.02209476923076925
0.02209476923076925
0.022094769230769196
0.022094769230769223
0.022094769230769223
0.022094769230769223
0.022094769230769196
0.02209476923076925
0.02209476923076925
0.022094769230769223
0.02209476923076925
0.02209476923076925
0.022094769230769223
0.02209476923076921
0.02209476923076921
0.022094769230769223
0.02209476923076925
0.022094769230769237
0.022094769230769216
0.02209476923076923
0.03863403846153853
0.022094769230769223
0.0055554999999999355
0.022094769230769234
0.0055554999999999355
0.022094769230769223
0.03863403846153853
0.02209476923076923
0.022094769230769216
0.022094769230769237
0.02209476923076925
0.022094769230769223
0.02209476923076921
0.02209476923076921
0.022094769230769223
0.02209476923076925
0.02209476923076925
0.022094769230769223
0.02209476923076925
0.02209476923076925
0.022094769230769196
0.022094769230769223
0.022094769230769223
0.022094769230769223
0.022094769230769196
0.02209476923076925
0.02209476923076925
0.022094769230769196
0.02209476923076925
0.022094769230769307
0.027212500000000084
0.022094769230769196
0.016977038461538363
0.022094769230769196
0.022094769230769307
0.022094769230769196
0.022094769230769196
0.022094769230769307
0.022094769230769196
0.02209476923076914
0.02209476923076925
0.022094769230769307
0.022094769230769196
0.022094769230769196
0.02209476923076925
0.022094769230769307
0.02209476923076914
0.02209476923076914
0.022094769230769362
0.02209476923076925
0.02209476923076914
0.02209476923076925
0.02209476923076925
0.02209476923076914
0.02209476923076925
0.02209476923076925
0.022094769230769362
0.022094769230769362
0.02209476923076914
0.02209476923076914
0.02209476923076925
0.02209476923076925
0.02209476923076914
0.02209476923076914
0.02209476923076925
0.022094769230769362
0.022094769230769362
0.02209476923076914
