-1.4251126153846154
0.02209476923076914
0.022094769230769362
0.022094769230769362
0.02209476923076925
0.02209476923076914
0.02209476923076914
0.02209476923076925
0.02209476923076925
0.02209476923076914
0.02209476923076914
0.022094769230769362
0.022094769230769362
0.02209476923076925
0.02209476923076925
0.02209476923076914
0.02209476923076925
0.02209476923076925
0.02209476923076914
0.02209476923076925
0.022094769230769362
0.02209476923076914
0.02209476923076914
0.022094769230769307
0.02209476923076925
0.022094769230769196
0.022094769230769196
0.022094769230769307
0.02209476923076925
0.02209476923076914
0.022094769230769196
0.022094769230769307
0.022094769230769196
0.022094769230769196
0.022094769230769307
0.022094769230769196
0.022094769230769196
0.02277215384615383
0.02209476923076925
0.02141738461538467
0.02209476923076925
0.022094769230769196
0.02209476923076925
0.02209476923076925
0.022094769230769196
0.022094769230769223
0.022094769230769223
0.022094769230769223
0.022094769230769196
0.02209476923076925
0.02209476923076925
0.022094769230769223
0.02209476923076925
0.02209476923076925
0.022094769230769223
0.02209476923076921
0.02209476923076921
0.022094769230769223
0.02209476923076925
0.03853369230769234
0.022094769230769216
0.005655846153846129
0.022094769230769234
0.022094769230769223
0.022094769230769234
0.022094769230769234
0.022094769230769234
0.022094769230769223
0.022094769230769234
0.005655846153846129
0.022094769230769216
0.03853369230769234
0.02209476923076925
0.022094769230769223
0.02209476923076921
0.02209476923076921
0.022094769230769223
0.02209476923076925
0.02209476923076925
0.022094769230769223
0.02209476923076925
0.02209476923076925
0.022094769230769196
0.022094769230769223
0.022094769230769223
0.022094769230769223
0.022094769230769196
0.02209476923076925
0.02209476923076925
0.022094769230769196
0.02209476923076925
0.02141738461538467
0.02209476923076925
0.02277215384615383
0.022094769230769196
0.022094769230769196
0.022094769230769307
0.022094769230769196
0.022094769230769196
0.022094769230769307
0.022094769230769196
0.02209476923076914
0.02209476923076925
0.022094769230769307
0.022094769230769196
0.022094769230769196
0.02209476923076925
0.022094769230769307
0.02209476923076914
0.02209476923076914
0.022094769230769362
0.02209476923076925
0.02209476923076914
0.02209476923076925
0.02209476923076925
0.02209476923076914
0.02209476923076925
0.02209476923076925
0.022094769230769362
0.022094769230769362
0.02209476923076914
0.02209476923076914
0.02209476923076925
0.02209476923076925
0.02209476923076914
0.02209476923076914
0.02209476923076925
0.022094769230769362
0.022094769230769362
0.02209476923076914
