-0.71808
-0.71090
-0.70372
-0.69654
-0.68936
-0.68218
-0.67500
-0.66781
-0.66063
-0.65345
-0.64627
-0.63909
-0.63191
-0.62473
-0.61755
-0.61037
-0.60319
-0.59601
-0.58883
-0.58164
-0.57446
-0.56728
-0.56010
-0.55292
-0.54574
-0.53856
-0.53138
-0.52420
-0.51702
-0.50984
-0.50266
-0.49548
-0.48829
-0.48111
-0.47393
-0.46675
-0.45957
-0.45239
-0.44521
-0.43803
-0.43085
-0.42367
-0.41649
-0.40931
-0.40212
-0.39494
-0.38776
-0.38058
-0.37340
-0.36622
-0.35904
-0.35186
-0.34468
-0.33750
-0.33032
-0.32314
-0.31596
-0.30877
-0.30159
-0.29441
-0.29000
-0.28005
-0.27287
-0.26569
-0.25851
-0.25133
-0.24415
-0.23697
-0.22979
-0.22260
-0.21542
-0.20824
-0.20106
-0.19388
-0.18670
-0.17952
-0.17234
-0.16516
-0.15798
-0.15080
-0.14362
-0.13644
-0.12925
-0.12207
-0.11000
-0.10771
-0.10053
-0.09335
-0.08617
-0.07899
-0.07181
-0.06463
-0.05745
-0.05027
-0.04308
-0.03590
-0.02872
-0.02154
-0.01436
-0.00718
0.00000
0.00718
0.01436
0.02154
0.02872
0.03590
0.04308
0.05027
0.05745
0.06463
0.07181
0.07899
0.08617
0.09335
0.10053
0.10771
0.11000
0.12207
0.12925
0.13644
0.14362
0.15080
0.15798
0.16516
0.17234
0.17952
0.18670
0.19388
0.20106
0.20824
0.21542
0.22260
0.22979
0.23697
0.24415
0.25133
0.25851
0.26569
0.27287
0.28005
0.29000
0.29441
0.30159
0.30877
0.31596
0.32314
0.33032
0.33750
0.34468
0.35186
0.35904
0.36622
0.37340
0.38058
0.38776
0.39494
0.40212
0.40931
0.41649
0.42367
0.43085
0.43803
0.44521
0.45239
0.45957
0.46675
0.47393
0.48111
0.48829
0.49548
0.50266
0.50984
0.51702
0.52420
0.53138
0.53856
0.54574
0.55292
0.56010
0.56728
0.57446
0.58164
0.58883
0.59601
0.60319
0.61037
0.61755
0.62473
0.63191
0.63909
0.64627
0.65345
0.66063
0.66781
0.67500
0.68218
0.68936
0.69654
0.70372
0.71090
0.71808
