-1.4259017142857142
0.02051657142857144
0.02051657142857144
0.02051657142857144
0.02051657142857144
0.02051657142857155
0.02051657142857133
0.02051657142857133
0.02051657142857144
0.02051657142857144
0.02051657142857144
0.02051657142857144
0.02051657142857155
0.02051657142857144
0.020516571428571218
0.02051657142857144
0.02051657142857155
0.02051657142857133
0.02051657142857144
0.02051657142857144
0.02051657142857144
0.02051657142857133
0.020516571428571384
0.020516571428571495
0.02051657142857144
0.02051657142857144
0.02051657142857144
0.02051657142857144
0.02051657142857133
0.02051657142857144
0.02051657142857144
0.02051657142857144
0.02051657142857144
0.02051657142857144
0.02051657142857144
0.020516571428571384
0.02051657142857144
0.020516571428571495
0.02051657142857144
0.020516571428571384
0.023954857142857056
0.02051657142857144
0.017078285714285824
0.020516571428571384
0.020516571428571384
0.020516571428571384
0.020516571428571412
0.020516571428571467
0.02051657142857144
0.02051657142857144
0.02051657142857144
0.02051657142857144
0.020516571428571412
0.02051657142857144
0.02051657142857144
0.020516571428571412
0.020516571428571412
0.020516571428571384
0.020516571428571426
0.020516571428571453
0.02051657142857144
0.02051657142857144
0.020516571428571426
0.020516571428571398
0.02051657142857142
0.02630171428571429
0.02051657142857142
0.01473142857142858
0.020516571428571433
0.020516571428571422
0.020516571428571422
0.020516571428571422
0.020516571428571433
0.01473142857142858
0.02051657142857142
0.02630171428571429
0.02051657142857142
0.020516571428571398
0.020516571428571426
0.02051657142857144
0.02051657142857144
0.020516571428571453
0.020516571428571426
0.020516571428571384
0.020516571428571412
0.020516571428571412
0.02051657142857144
0.02051657142857144
0.020516571428571412
0.02051657142857144
0.02051657142857144
0.02051657142857144
0.02051657142857144
0.020516571428571467
0.020516571428571412
0.020516571428571384
0.020516571428571384
0.020516571428571384
0.017078285714285824
0.02051657142857144
0.023954857142857056
0.020516571428571384
0.02051657142857144
0.020516571428571495
0.02051657142857144
0.020516571428571384
0.02051657142857144
0.02051657142857144
0.02051657142857144
0.02051657142857144
0.02051657142857144
0.02051657142857144
0.02051657142857133
0.02051657142857144
0.02051657142857144
0.02051657142857144
0.02051657142857144
0.020516571428571495
0.020516571428571384
0.02051657142857133
0.02051657142857144
0.02051657142857144
0.02051657142857144
0.02051657142857133
0.02051657142857155
0.02051657142857144
0.020516571428571218
0.02051657142857144
0.02051657142857155
0.02051657142857144
0.02051657142857144
0.02051657142857144
0.02051657142857144
0.02051657142857133
0.02051657142857133
0.02051657142857155
0.02051657142857144
0.02051657142857144
0.02051657142857144
0.02051657142857144
