
 ==============================
 S N O P T  7.7.7    (Feb 2021)
 ==============================

 SNMEMB EXIT 100 -- finished successfully
 SNMEMB INFO 104 -- memory requirements estimated

 ==============================
 S N O P T  7.7.7    (Feb 2021)
 ==============================



 Nonlinear constraints       4     Linear constraints       0
 Nonlinear variables        26     Linear variables         0
 Jacobian  variables        26     Objective variables     26
 Total constraints           4     Total variables         26



 The user has defined     104   out of     104   constraint gradients.
 The user has defined      26   out of      26   objective  gradients.


 Major Minors     Step   nCon Feasible  Optimal  MeritFunction     nS Penalty
     0     29               1  1.6E-01  1.9E-01  1.4529974E+00     24           r
     1      5  1.0E+00      2  3.9E-01  1.9E-01  1.0137008E+00     24 3.1E+01   r
     2      1  1.0E+00      3  1.2E-01  5.1E-01  6.8095791E-01     24 5.7E+00 s
     3      1  1.0E+00      4  2.1E-02  1.3E-01  7.3893280E-01     24 6.1E+00
     4      1  1.0E+00      5  7.9E-04  1.2E-01  7.3789395E-01     24 6.8E+00
     5      3  1.0E+00      7 (2.1E-06) 1.0E-01  7.3378174E-01     24 6.8E+00  m
     6      2  1.0E+00      8  3.7E-03  3.7E-01  6.5374883E-01     23 6.8E+00
     7      2  1.0E+00      9  2.4E-05  3.0E-02  6.4466787E-01     22 6.8E+00
     8      2  1.0E+00     10  1.1E-04  2.0E-02  6.3648412E-01     21 6.8E+00
     9      1  1.0E+00     11  3.3E-02  3.2E-02  6.2314604E-01     21 6.8E+00

 Major Minors     Step   nCon Feasible  Optimal  MeritFunction     nS Penalty
    10      2  1.0E+00     12  1.6E-03  1.2E-01  6.1818383E-01     20 6.8E+00
    11      1  1.0E+00     14  2.0E-04  8.0E-03  6.1245246E-01     20 6.8E+00  m
    12      2  1.0E+00     15 (0.0E+00) 6.9E-01  6.1227469E-01     21 6.8E+00
    13      2  1.0E+00     17  5.1E-02  2.4E-01  5.8449980E-01     20 6.8E+00  m
    14      1  8.2E-02     18  4.7E-02  2.5E-01  5.9620668E-01     20 8.1E+00
    15      1  1.4E-01     19  4.0E-02  3.0E-01  5.9697429E-01     20 8.2E+00
    16      2  1.0E+00     20  2.7E-03  1.1E-01  5.9669401E-01     19 8.5E+00
    17      2  2.5E-01     21  3.4E-03  1.1E-01  5.9503017E-01     20 8.5E+00
    18      2  1.3E-01     22  3.1E-03  6.6E-02  5.9440965E-01     19 8.5E+00
    19      1  9.8E-02     23  3.0E-03  4.3E-02  5.9404427E-01     19 8.5E+00

 Major Minors     Step   nCon Feasible  Optimal  MeritFunction     nS Penalty
    20      3  9.6E-02     24  2.8E-03  5.2E-01  5.9362920E-01     19 8.5E+00
    21      1  1.7E-06     25  2.8E-03  7.8E-02  5.9362919E-01     19 8.5E+00
    22      1  2.5E-10     26  2.8E-03  7.8E-02  5.9362919E-01     19 8.5E+00
    23      3  2.9E-10     27  2.8E-03  1.0E-01  5.9362919E-01     18 8.5E+00
    24      1  3.3E-10     28  2.8E-03  1.0E-01  5.9362919E-01     18 8.5E+00
    24      5              28  2.8E-03  1.0E+01  5.9352546E-01     21           R
    25      6  1.0E+00     29  1.8E-03  4.6E+00  8.1412458E-01     22 2.8E+04 s
    26      1  1.0E+00     30 (5.8E-06) 1.3E-02  5.9309681E-01     22 1.9E+02
    27      3  1.0E+00     31 (0.0E+00) 4.9E-03  5.9301982E-01     20 2.3E+01 s
    28      3  1.0E+00     33  1.5E-04  3.1E-02  5.9252446E-01     20 8.2E+00  m
    29      2  5.0E-02     34  1.5E-04  1.0E-01  5.9217845E-01     19 8.2E+00

 Major Minors     Step   nCon Feasible  Optimal  MeritFunction     nS Penalty
    30      2  4.6E-05     35  1.5E-04  1.6E-02  5.9217766E-01     20 8.2E+00
    31      4  6.2E-06     36  1.5E-04  1.0E+03  5.9217763E-01     19 8.2E+00
    32      1  7.2E-12     37  1.5E-04  1.0E+03  5.9217763E-01     19 8.2E+00
    32      2              37  1.5E-04  1.9E+02  5.9217736E-01     20           R
    33      4  2.0E-09     38  1.5E-04  6.6E+02  5.9217736E-01     21         s
    34      1  1.2E-10     39  1.5E-04  6.6E+02  5.9464423E-01     21 5.6E+04
    35      1  9.0E-13     40  1.5E-04  6.6E+02  5.9468424E-01     21 5.6E+04   R
    36      2  5.4E-08     41  1.5E-04  1.3E+02  5.9480980E-01     22 5.9E+04 s
    37      1  1.0E+00     42 (3.5E-08) 4.6E-03  5.9217782E-01     22 8.5E+03
    38      1  1.0E+00     44 (0.0E+00) 4.6E-03  5.9217772E-01     22 1.3E+02
    39      1  1.0E+00     46 (8.3E-13) 8.4E-03  5.9217765E-01     22 1.3E+02   R

 Major Minors     Step   nCon Feasible  Optimal  MeritFunction     nS Penalty
    40      1  1.0E+00     48 (0.0E+00) 8.4E-03  5.9217762E-01     22 1.6E+01   R
    41      3  1.0E+00     50 (2.2E-12) 5.8E-03  5.9217760E-01     20           r
    42      2  2.2E-02     52 (1.3E-07) 5.4E-03  5.9215385E-01     19           r
    43      2  1.0E+00     53  4.1E-02  1.6E-02  5.8617818E-01     20         s
    44      2  1.7E-01     54  3.4E-02  2.7E-02  5.9021663E-01     19 2.2E-01
    45      1  1.0E+00     55  2.4E-02  6.2E-03  5.8833240E-01     19 2.2E-01
    46      1  1.0E+00     56  1.7E-03  4.5E-02  5.8379572E-01     19 2.2E-01
    47      2  1.0E+00     57  1.7E-02  3.3E-02  5.7940203E-01     18 2.2E-01
    48      1  1.0E+00     58  8.1E-04  1.3E-02  5.7563437E-01     18 2.2E-01
    49      1  1.0E+00     59  1.4E-02  3.9E-02  5.6922699E-01     18 2.2E-01

 Major Minors     Step   nCon Feasible  Optimal  MeritFunction     nS Penalty
    50      1  1.0E+00     60  1.1E-03  2.2E-02  5.6990239E-01     18 3.3E+00
    51      1  1.0E+00     61  2.7E-03  8.9E-03  5.6939817E-01     18 3.3E+00
    52      1  1.0E+00     62  4.9E-03  5.3E-03  5.6905293E-01     18 3.3E+00
    53      1  1.0E+00     63  1.8E-03  4.2E-02  5.6748843E-01     18 3.3E+00
    54      1  1.0E+00     64  6.8E-03  7.7E-02  5.6658093E-01     18 3.3E+00
    55      2  1.0E+00     65  2.8E-03  7.9E-03  5.6378392E-01     19 3.3E+00
    56      3  3.1E-01     66  5.9E-03  1.8E-02  5.6156792E-01     17 3.3E+00
    57      1  1.0E+00     67  3.2E-02  1.1E-01  5.5960479E-01     17 3.3E+00
    58      2  1.0E+00     68  1.6E-02  2.5E-02  5.5587135E-01     18 3.3E+00
    59      2  1.0E+00     69  5.7E-03  1.1E-02  5.5536698E-01     17 3.8E+00

 Major Minors     Step   nCon Feasible  Optimal  MeritFunction     nS Penalty
    60      2  1.0E+00     70  4.3E-03  6.3E-03  5.5405021E-01     18 3.8E+00
    61      2  3.3E-02     71  4.1E-03  1.6E-02  5.5399077E-01     19 3.8E+00
    62      1  2.3E-04     72  4.1E-03  1.2E-02  5.5398993E-01     19 3.8E+00
    63      6  4.5E-05     73  4.1E-03  3.1E+02  5.5398985E-01     18 3.8E+00
    64      1  1.0E-10     74  4.1E-03  3.1E+02  5.5398985E-01     18 3.8E+00
    64     38              74  4.1E-03  8.5E+01  5.5388471E-01     18           R
    65      1  1.0E+00     75  4.0E-03  3.9E+01  5.5370063E-01     18         s
    66      5  1.0E+00     76  1.1E-02  7.5E-03  5.5277956E-01     18
    67      2  1.0E+00     77  3.3E-03  8.5E-03  5.5186159E-01     19 1.3E+00
    68      2  1.0E+00     78  1.4E-04  1.3E-02  5.5119995E-01     18 1.3E+00
    69      1  1.0E+00     79  1.3E-04  6.3E-03  5.5074712E-01     18 1.3E+00

 Major Minors     Step   nCon Feasible  Optimal  MeritFunction     nS Penalty
    70      1  1.0E+00     80  2.7E-04  7.3E-03  5.4996537E-01     18 1.3E+00
    71      1  1.0E+00     81  2.5E-03  8.6E-03  5.4875285E-01     18 1.3E+00
    72      1  1.0E+00     82  1.1E-03  1.0E-02  5.4728246E-01     18 1.3E+00
    73      1  1.0E+00     83  7.5E-04  8.2E-03  5.4652386E-01     18 1.3E+00
    74      1  1.0E+00     84  1.2E-04  4.0E-03  5.4626000E-01     18 1.3E+00
    75      1  1.0E+00     85  7.0E-05  4.1E-03  5.4609141E-01     18 1.3E+00
    76      1  1.0E+00     86  2.3E-04  4.0E-03  5.4580069E-01     18 1.3E+00
    77      1  1.0E+00     87  4.7E-04  2.5E-03  5.4537289E-01     18 1.3E+00
    78      1  1.0E+00     88  3.1E-04  3.3E-03  5.4503803E-01     18 1.3E+00
    79      1  1.0E+00     89  7.2E-05  3.0E-03  5.4493295E-01     18 1.3E+00

 Major Minors     Step   nCon Feasible  Optimal  MeritFunction     nS Penalty
    80      1  1.0E+00     90 (7.8E-06) 2.6E-03  5.4491928E-01     18 1.3E+00
    81      1  1.0E+00     91 (8.0E-07) 2.6E-03  5.4491626E-01     18 1.3E+00
    82      1  1.0E+00     92 (2.3E-06) 2.4E-03  5.4490957E-01     18 1.3E+00
    83      1  1.0E+00     93 (9.0E-06) 2.3E-03  5.4489422E-01     18 1.3E+00
    84      1  1.0E+00     94  4.1E-05  2.1E-03  5.4486104E-01     18 1.3E+00
    85      1  1.0E+00     95  1.4E-04  2.2E-03  5.4480499E-01     18 1.3E+00
    86      1  1.0E+00     96  1.9E-04  2.6E-03  5.4474851E-01     18 1.3E+00
    87      1  1.0E+00     97  6.7E-05  2.3E-03  5.4471911E-01     18 1.3E+00
    88      1  1.0E+00     98 (5.8E-06) 1.4E-03  5.4470944E-01     18 1.3E+00
    89      1  1.0E+00     99 (2.3E-06) 6.2E-04  5.4470134E-01     18 1.3E+00

 Major Minors     Step   nCon Feasible  Optimal  MeritFunction     nS Penalty
    90      1  1.0E+00    100 (9.4E-06) 7.3E-04  5.4468254E-01     18 1.3E+00
    91      1  1.0E+00    101  5.0E-05  7.9E-04  5.4464800E-01     18 1.3E+00
    92      1  1.0E+00    102  1.9E-04  6.5E-04  5.4457238E-01     18 1.3E+00
    93      1  1.0E+00    103  1.2E-04  1.4E-03  5.4451052E-01     18 1.3E+00
    94      1  1.0E+00    104  3.9E-05  6.8E-04  5.4449802E-01     18 1.3E+00
    95      1  1.0E+00    105 (7.5E-06) 4.5E-04  5.4449267E-01     18 1.3E+00
    96      1  4.0E-01    106 (5.5E-06) 5.7E-04  5.4448945E-01     18 1.3E+00
    97      1  8.2E-02    107 (5.3E-06) 6.4E-04  5.4448682E-01     18 1.3E+00
    98      3  2.6E-04    108 (5.3E-06) 1.6E+01  5.4448680E-01     18 1.3E+00
    98      1             108 (5.3E-06) 5.5E+00  5.4448680E-01     18           R
    99      1  1.0E+00    109  8.1E-03  5.1E-04  5.4435586E-01     18         s

 Major Minors     Step   nCon Feasible  Optimal  MeritFunction     nS Penalty
   100      2  1.0E+00    110 (5.7E-06) 4.2E-04  5.4447721E-01     19 7.1E-01
   101      1  1.0E+00    111 (2.5E-06) 3.8E-04  5.4446226E-01     19 7.1E-01
   102      1  1.0E+00    112  1.7E-05  2.5E-04  5.4444156E-01     19 7.1E-01
   103      1  1.0E+00    113 (8.5E-07) 5.3E-04  5.4443734E-01     19 7.1E-01
   104      1  1.0E+00    114  2.1E-05  2.5E-04  5.4442449E-01     19 7.1E-01
   105      1  1.0E+00    115 (1.3E-06) 2.5E-04  5.4442166E-01     19 7.1E-01
   106      1  1.0E+00    116 (9.6E-07) 2.5E-04  5.4441820E-01     19 7.1E-01
   107      1  1.0E+00    117 (6.7E-06) 2.5E-04  5.4441215E-01     19 7.1E-01
   108      2  1.0E+00    118  5.9E-05  2.6E-04  5.4439552E-01     18 7.1E-01
   109      1  1.0E+00    119  1.3E-04  2.4E+01  5.4436601E-01     18 7.1E-01

 Major Minors     Step   nCon Feasible  Optimal  MeritFunction     nS Penalty
   110      2  1.0E+00    120  2.5E-03  4.6E-04  5.4435026E-01     18 7.1E-01
   111      2  1.0E+00    121  1.9E-05  3.7E-04  5.4429991E-01     18 7.1E-01
   112      2  1.0E+00    122  2.7E-04  2.3E-04  5.4425571E-01     18 7.1E-01
   113      4  1.0E+00    123 (9.3E-06) 1.8E-03  5.4425190E-01     19 7.1E-01
   114      2  1.0E+00    124  8.0E-04  2.4E-04  5.4423915E-01     19 7.1E-01
   115      2  1.0E+00    125  3.4E-05  2.8E-04  5.4423375E-01     19 7.1E-01
   116      2  1.0E+00    126  5.5E-05  2.5E-04  5.4423067E-01     19 7.1E-01
   117      2  1.0E+00    127 (8.6E-06) 2.5E-04  5.4422954E-01     19 7.1E-01
   118      2  1.0E+00    128  1.7E-04  2.5E-04  5.4422615E-01     19 7.1E-01
   119      3  1.0E+00    129  1.4E-04  2.5E-04  5.4422228E-01     18 7.1E-01

 Major Minors     Step   nCon Feasible  Optimal  MeritFunction     nS Penalty
   120      2  1.0E+00    130  6.5E-05  2.5E-04  5.4421896E-01     18 7.1E-01
   121      2  1.0E+00    131  1.0E-05  2.5E-04  5.4421715E-01     18 7.1E-01
   122      2  1.0E+00    132  2.0E-05  2.5E-04  5.4421452E-01     18 7.1E-01
   123      2  1.0E+00    133  1.7E-05  2.5E-04  5.4421077E-01     18 7.1E-01
   124      2  1.0E+00    134 (5.5E-06) 2.5E-04  5.4420505E-01     18 7.1E-01
   125      2  1.0E+00    135  1.4E-05  2.4E-04  5.4420085E-01     18 7.1E-01
   126      2  1.0E+00    136  1.1E-05  2.4E-04  5.4420002E-01     18 7.1E-01
   127      2  1.0E+00    137 (2.4E-06) 2.4E-04  5.4419984E-01     19 7.1E-01
   128      2  1.0E+00    138 (1.5E-06) 2.4E-04  5.4419977E-01     19 7.1E-01
   129      2  1.0E+00    139 (8.7E-07) 2.4E-04  5.4419966E-01     19 7.1E-01

 Major Minors     Step   nCon Feasible  Optimal  MeritFunction     nS Penalty
   130      1  1.0E+00    140  1.7E-04  2.4E-04  5.4419954E-01     19 7.1E-01
   131      2  1.0E+00    141  1.9E-05  2.4E-04  5.4419910E-01     18 7.1E-01
   132      1  1.0E+00    142 (2.7E-06) 2.4E-04  5.4419877E-01     18 7.1E-01
   133      2  1.0E+00    143  2.7E-05  2.4E-04  5.4419845E-01     18 7.1E-01
   134      2  1.0E+00    144  1.6E-05  2.4E-04  5.4419816E-01     18 7.1E-01
   135      2  1.8E-01    145  3.1E-05  2.4E-04  5.4419799E-01     18 7.1E-01
   136      1  2.8E-01    146  4.3E-05  2.4E-04  5.4419789E-01     18 7.1E-01
   137      1  1.0E+00    147  3.9E-05  2.4E-04  5.4419789E-01     18 7.1E-01
   138      1  1.0E+00    148  1.1E-05  2.4E-04  5.4419776E-01     18 7.1E-01
   139      2  1.0E+00    149 (8.0E-06) 2.4E-04  5.4419761E-01     18 7.1E-01

 Major Minors     Step   nCon Feasible  Optimal  MeritFunction     nS Penalty
   140      2  1.0E+00    150  5.3E-05  2.4E-04  5.4419727E-01     18 7.1E-01
   141      2  1.0E+00    151  1.5E-05  2.4E-04  5.4419702E-01     18 7.1E-01
   142      2  1.0E+00    152  7.5E-05  2.4E-04  5.4419631E-01     18 7.1E-01
   143      2  1.0E+00    153  2.2E-05  2.4E-04  5.4419527E-01     18 7.1E-01
   144      3  1.0E+00    154  2.9E-04  2.4E-04  5.4419029E-01     17 7.1E-01
   145      3  1.0E+00    155 (7.3E-06) 2.4E-04  5.4418759E-01     18 7.1E-01
   146      2  1.0E+00    156  7.3E-05  2.4E-04  5.4418545E-01     18 7.1E-01
   147      2  1.0E+00    157  4.8E-05  2.4E-04  5.4418515E-01     17 7.1E-01
   148      1  1.0E+00    158  1.1E-05  2.4E-04  5.4418498E-01     17 7.1E-01
   149      1  1.0E+00    159  2.7E-05  2.4E-04  5.4418466E-01     17 7.1E-01

 Major Minors     Step   nCon Feasible  Optimal  MeritFunction     nS Penalty
   150      2  1.0E+00    160 (6.9E-06) 2.4E-04  5.4418436E-01     17 7.1E-01
   151      2  1.0E+00    161  2.8E-04  2.4E-04  5.4418404E-01     17 7.1E-01
   152      2  1.0E+00    162  2.7E-05  2.4E-04  5.4418262E-01     17 7.1E-01
   153      2  4.4E-01    163  3.0E-04  6.6E-04  5.4417842E-01     17 7.1E-01
   154      2  1.7E-01    164  3.3E-04  4.5E-04  5.4417669E-01     17 7.1E-01
   155      2  2.4E-01    165  3.8E-04  2.9E-04  5.4417511E-01     17 7.1E-01
   156      2  1.0E+00    166  4.9E-04  2.4E-04  5.4417398E-01     17 7.1E-01
   157      2  1.0E+00    167 (1.4E-06) 2.4E-04  5.4417283E-01     17 7.1E-01
   158      2  1.0E+00    169 (3.3E-06) 2.4E-04  5.4417276E-01     16 7.1E-01  m
   159      1  1.0E+00    170 (1.5E-06) 2.4E-04  5.4417273E-01     16 7.1E-01

 Major Minors     Step   nCon Feasible  Optimal  MeritFunction     nS Penalty
   160      1  1.0E+00    171 (9.0E-08) 2.4E-04  5.4417264E-01     16 7.1E-01
   161      1  1.0E+00    172 (6.0E-07) 2.4E-04  5.4417234E-01     16 7.1E-01
   162      1  1.0E+00    173 (2.8E-06) 2.4E-04  5.4417188E-01     16 7.1E-01
   163      1  1.0E+00    174 (4.6E-06) 2.4E-04  5.4417134E-01     16 7.1E-01
   164      1  1.0E+00    175  1.2E-05  2.4E-04  5.4417053E-01     16 7.1E-01
   165      1  3.1E-01    176  1.3E-05  2.4E-04  5.4417006E-01     16 7.1E-01
   166      1  1.0E+00    177 (2.9E-07) 2.4E-04  5.4416969E-01     16 7.1E-01
   167      1  1.0E+00    178 (1.6E-06) 2.4E-04  5.4416909E-01     16 7.1E-01
   168      1  1.0E+00    179 (1.6E-06) 2.3E-04  5.4416851E-01     16 7.1E-01
   169      2  1.0E+00    181 (4.0E-07) 2.3E-04  5.4416746E-01     15 7.1E-01  m

 Major Minors     Step   nCon Feasible  Optimal  MeritFunction     nS Penalty
   170      4  1.0E+00    182  3.9E-05  2.3E-04  5.4416195E-01     16 7.1E-01
   171      2  1.0E+00    183 (8.5E-06) 2.4E-04  5.4416080E-01     16 7.1E-01
   172      2  1.0E+00    184  1.4E-05  2.3E-04  5.4416024E-01     16 7.1E-01
   173      2  1.0E+00    185  1.3E-05  2.4E-04  5.4415962E-01     16 7.1E-01
   174      2  1.0E+00    186  3.1E-04  2.3E-04  5.4415843E-01     16 7.1E-01
   175      2  2.5E-01    187  2.8E-04  2.3E-04  5.4415797E-01     16 7.1E-01
   176      2  1.0E+00    188  1.4E-05  2.3E-04  5.4415687E-01     16 7.1E-01
   177      2  3.8E-01    189  4.8E-05  2.3E-04  5.4415664E-01     16 7.1E-01
   178      4  1.0E+00    190 (2.9E-06) 2.3E-04  5.4415657E-01     17 7.1E-01
   179      3  4.3E-02    191 (3.1E-06) 2.3E-04  5.4415657E-01     16 7.1E-01

 Major Minors     Step   nCon Feasible  Optimal  MeritFunction     nS Penalty
   180      2  1.0E+00    192 (7.4E-09) 2.3E-04  5.4415655E-01     16 7.1E-01
   181      2  1.0E+00    193 (1.6E-06) 2.3E-04  5.4415641E-01     16 7.1E-01
   182      2  1.0E+00    194  1.1E-05  2.3E-04  5.4415617E-01     16 7.1E-01
   183      7  1.0E+00    195  2.4E-05  2.3E-04  5.4415584E-01     16 7.1E-01
   184      3  4.9E-01    196  1.4E-05  2.3E-04  5.4415588E-01     15 2.6E+01
   185      2  1.0E+00    197 (2.2E-06) 2.3E-04  5.4415579E-01     15 5.1E+00
   186      2  1.0E+00    198 (1.6E-06) 2.3E-04  5.4415563E-01     15 5.1E+00
   187      2  1.0E+00    199 (5.9E-06) 2.3E-04  5.4415540E-01     15 5.1E+00
   188      2  1.0E+00    200  1.9E-05  2.3E-04  5.4415509E-01     15 5.1E+00
   189      4  1.0E+00    201  4.8E-05  2.3E-04  5.4415465E-01     16 5.1E+00

 Major Minors     Step   nCon Feasible  Optimal  MeritFunction     nS Penalty
   190      3  4.5E-01    202  6.1E-05  2.3E-04  5.4415427E-01     15 5.1E+00
   191      4  1.0E+00    203  2.3E-05  2.3E-04  5.4415354E-01     16 5.1E+00
   192      2  1.0E+00    204  3.6E-05  2.3E-04  5.4415309E-01     16 5.1E+00
   193      3  4.8E-01    205  5.0E-05  2.3E-04  5.4415282E-01     15 5.1E+00
   194      6  1.0E-01    206  5.0E-05  2.3E-04  5.4415272E-01     17 5.1E+00
   195      2  4.2E-01    207  6.2E-05  2.3E-04  5.4415244E-01     17 5.1E+00
   196      3 -7.1E-01    209  6.0E-05  2.3E-04  5.4415230E-01     16 5.1E+00
   197      4  2.9E-01    210  5.8E-05  2.3E-04  5.4415222E-01     17 5.1E+00
   198      1  4.3E-01    211  5.6E-05  2.3E-04  5.4415208E-01     17 5.1E+00
   199      2  1.0E+00    212  4.4E-05  2.3E-04  5.4415198E-01     16 5.1E+00

 Major Minors     Step   nCon Feasible  Optimal  MeritFunction     nS Penalty
   200      2  2.5E-02    213  4.3E-05  2.3E-04  5.4415198E-01     17 5.1E+00
   201      1  1.0E+00    214  1.2E-05  2.3E-04  5.4415194E-01     17 5.1E+00
   202      2  1.0E+00    215 (6.5E-06) 2.3E-04  5.4415187E-01     16 5.1E+00
   203      2  1.0E+00    216  2.0E-05  2.3E-04  5.4415177E-01     17 5.1E+00
   204      1  1.0E+00    217  3.1E-05  2.3E-04  5.4415160E-01     17 5.1E+00
   205      1  1.0E+00    218  2.2E-05  2.3E-04  5.4415142E-01     17 5.1E+00
   206      1  3.8E-01    219  3.4E-05  2.3E-04  5.4415122E-01     17 5.1E+00
   207      1  1.0E+00    220  8.2E-05  2.3E-04  5.4415075E-01     17 5.1E+00
   208      1  1.0E+00    221  4.9E-05  2.3E-04  5.4414981E-01     17 5.1E+00
   209      5  1.0E+00    223  8.4E-05  2.3E-04  5.4414808E-01     14 5.1E+00  m

 Major Minors     Step   nCon Feasible  Optimal  MeritFunction     nS Penalty
   210     10  3.9E-02    224  7.8E-05  2.3E-04  5.4414779E-01     17 5.1E+00   R
   211      1  1.0E+00    225 (3.2E-07) 2.3E-04  5.4414681E-01     17 5.1E+00 s
   212      1  1.0E+00    226 (3.4E-06) 2.3E-04  5.4414658E-01     17 5.1E+00
   213      1  1.0E+00    227  6.2E-05  2.3E-04  5.4414646E-01     17 5.1E+00
   214      1  1.0E+00    228 (3.6E-08) 2.3E-04  5.4414613E-01     17 5.1E+00
   215      1  1.0E+00    229  1.4E-05  2.3E-04  5.4414610E-01     17 5.1E+00
   216      2  1.0E+00    230 (2.6E-06) 2.3E-04  5.4414591E-01     16 5.1E+00
   217      1  1.0E+00    231 (2.2E-07) 2.3E-04  5.4414572E-01     16 5.1E+00
   218      1  1.0E+00    232  1.0E-04  2.3E-04  5.4414509E-01     16 5.1E+00
   219      5  1.0E+00    234  1.7E-05  6.4E-04  5.4414454E-01     18 5.1E+00  m

 Major Minors     Step   nCon Feasible  Optimal  MeritFunction     nS Penalty
   220      5  6.8E-03    235  1.7E-05  2.3E-04  5.4414451E-01     16 5.1E+00
   221      1  1.0E+00    237 (2.8E-06) 2.3E-04  5.4414433E-01     16 5.1E+00  M
   222      1  2.9E-01    238  2.6E-05  2.3E-04  5.4414410E-01     16 5.1E+00
   223      1  1.0E+00    239  3.1E-05  2.3E-04  5.4414397E-01     16 5.1E+00
   224      1  5.0E-01    240  2.2E-05  2.3E-04  5.4414392E-01     16 5.1E+00
   225      4  1.0E+00    242 (7.2E-06) 3.9E-04  5.4414377E-01     17 5.1E+00  m
   226      4  8.2E-02    243 (9.8E-06) 2.3E-04  5.4414344E-01     16 5.1E+00
   227      2  1.0E+00    244  9.1E-05  2.3E-04  5.4414258E-01     15 5.1E+00
   228      2  6.2E-02    245  8.6E-05  2.3E-04  5.4414242E-01     16 5.1E+00
   229      1  1.0E+00    246  7.7E-05  2.3E-04  5.4414170E-01     16 5.1E+00

 Major Minors     Step   nCon Feasible  Optimal  MeritFunction     nS Penalty
   230      8  2.7E-01    247  7.2E-05  2.3E-04  5.4414148E-01     16 5.1E+00   R
   231      1  1.0E+00    248 (8.9E-07) 2.3E-04  5.4414119E-01     16 5.1E+00 s
   232      1  1.0E+00    249  8.4E-05  2.3E-04  5.4414068E-01     16 5.1E+00
   233      2  1.0E+00    250  5.2E-05  2.3E-04  5.4414022E-01     15 5.1E+00
   234      1  1.0E+00    251  3.2E-05  2.3E-04  5.4413981E-01     15 5.1E+00
   235      2  1.0E+00    252  2.2E-05  2.3E-04  5.4413965E-01     16 5.1E+00
   236      2  1.0E+00    253  1.4E-05  2.3E-04  5.4413921E-01     15 5.1E+00
   237      1  4.7E-01    254  1.1E-05  2.3E-04  5.4413916E-01     15 5.1E+00
   238      1  1.0E+00    255 (2.5E-07) 2.3E-04  5.4413912E-01     15 5.1E+00
   239      1  1.0E+00    256 (8.0E-07) 2.3E-04  5.4413910E-01     15 5.1E+00

 Major Minors     Step   nCon Feasible  Optimal  MeritFunction     nS Penalty
   240      1  1.0E+00    257 (1.1E-06) 2.3E-04  5.4413907E-01     15 5.1E+00
   241      1  1.0E+00    258 (3.6E-06) 2.3E-04  5.4413905E-01     15 5.1E+00
   242      1  1.0E+00    259 (2.0E-07) 2.3E-04  5.4413903E-01     15 5.1E+00
   243      1  1.0E+00    260 (9.7E-08) 2.3E-04  5.4413901E-01     15 5.1E+00
   244      1  1.0E+00    261 (5.4E-07) 2.3E-04  5.4413900E-01     15 5.1E+00
   245      1  1.0E+00    262 (6.3E-07) 2.3E-04  5.4413899E-01     15 5.1E+00
   246      1  1.0E+00    263 (1.3E-07) 2.3E-04  5.4413898E-01     15 5.1E+00
   247      1  1.0E+00    264 (7.1E-08) 2.3E-04  5.4413898E-01     15 5.1E+00
   248      1  4.8E-01    265 (1.7E-07) 2.3E-04  5.4413897E-01     15 5.1E+00
   249      1  1.0E+00    266 (1.6E-08) 2.3E-04  5.4413897E-01     15 5.1E+00

 Major Minors     Step   nCon Feasible  Optimal  MeritFunction     nS Penalty
   250      1  1.0E+00    267 (1.3E-06) 2.3E-04  5.4413897E-01     15 5.1E+00
   251      1  1.0E+00    268 (6.8E-08) 2.3E-04  5.4413895E-01     15 5.1E+00
   252      3  1.0E+00    269  1.5E-05  2.3E-04  5.4413885E-01     14 5.1E+00
   253      1  1.0E+00    270 (4.5E-07) 2.3E-04  5.4413883E-01     14 5.1E+00
   254      1  1.0E+00    271 (3.0E-08) 2.3E-04  5.4413882E-01     14 5.1E+00
   255      1  5.0E-01    272 (4.0E-08) 2.3E-04  5.4413881E-01     14 5.1E+00
   256      1  1.0E+00    273 (1.6E-06) 2.3E-04  5.4413881E-01     14 5.1E+00
   256      1             273 (1.6E-06) 2.3E-04  5.4413881E-01     14           R
   257      1  1.0E+00    274 (3.7E-08) 2.3E-04  5.4413879E-01     14         s
   258      2  1.0E+00    275 (7.8E-09) 2.3E-04  5.4413879E-01     15
   259      2  3.8E-01    276 (1.8E-08) 2.3E-04  5.4413879E-01     14

 Major Minors     Step   nCon Feasible  Optimal  MeritFunction     nS Penalty
   260      1  1.0E+00    277 (3.7E-09) 2.3E-04  5.4413879E-01     14
   261      1  1.0E+00    278 (1.2E-06) 2.3E-04  5.4413878E-01     14
   262      1  1.0E+00    279 (6.9E-09) 2.3E-04  5.4413878E-01     14
   263      1  1.0E+00    280 (4.4E-09) 2.3E-04  5.4413878E-01     14
   264      1  1.0E+00    281 (2.2E-08) 2.3E-04  5.4413878E-01     14
   265      1  1.0E+00    282 (2.0E-09) 2.3E-04  5.4413878E-01     14
   266      1  1.0E+00    284 (6.3E-09) 2.3E-04  5.4413878E-01     14
   267      1  1.0E+00    285 (7.3E-09) 2.3E-04  5.4413878E-01     14
   268      1  1.0E+00    286 (2.4E-07) 2.3E-04  5.4413878E-01     14
   269      1  1.0E+00    287 (2.8E-09) 2.3E-04  5.4413878E-01     14

 Major Minors     Step   nCon Feasible  Optimal  MeritFunction     nS Penalty
   270      1  1.0E+00    288 (5.2E-08) 2.3E-04  5.4413878E-01     14
   271      1  1.0E+00    290 (6.5E-10) 2.3E-04  5.4413878E-01     14          M
   272      2  4.9E-01    292 (1.8E-09) 2.3E-04  5.4413878E-01     15          M
   272      2             292 (1.8E-09) 2.3E-04  5.4413878E-01     14          MR
   273      1  1.0E+00    293 (1.4E-09) 2.3E-04  5.4413878E-01     14         s
   274      1  1.0E+00    294 (2.4E-08) 2.3E-04  5.4413878E-01     14
   275      3  3.8E-01    295 (5.0E-08) 2.3E-04  5.4413878E-01     14
   275      2             295 (5.0E-08) 2.3E-04  5.4413878E-01     15           R
   275      3             295 (5.0E-08) 2.3E-04  5.4413878E-01     13           r
   276      7  1.9E-09    296 (5.0E-08) 2.0E-02  5.4413878E-01     17         s
   277     10  1.3E-05    297 (5.0E-08) 6.0E-03  5.4413877E-01     18
   278      2  1.3E-08    299 (5.0E-08) 9.0E-03  5.4413877E-01     17          M
   279      1  1.0E+00    300  7.0E-04  2.2E-04  5.4413387E-01     17

 Major Minors     Step   nCon Feasible  Optimal  MeritFunction     nS Penalty
   280      1  2.9E-01    301  4.9E-04  2.2E-04  5.4413653E-01     17 6.5E-01
   281      4  6.0E-01    302  2.0E-04  2.2E-04  5.4413863E-01     15 2.0E+00
   282      6  4.7E-03    303  2.0E-04  3.7E+01  5.4413862E-01     17 2.0E+00
   283     24  1.3E-12    304  2.0E-04  1.4E+02  5.4413862E-01     16 2.0E+00
   283      4             304  2.0E-04  3.2E+03  5.4413823E-01     18           R
   283      3             304  2.0E-04  4.6E-04  5.4413823E-01     18           r
   284      7  1.0E+00    305  1.6E-02  4.5E-01  5.4413720E-01     15         s
   285      7  1.0E+00    306  2.5E-04  2.5E-02  4.7366830E-01     19 1.6E+01
   286      2  9.4E-01    307  4.4E-05  3.1E-03  5.4450379E-01     18 6.0E+01
   287      1  9.5E-01    308 (2.4E-06) 2.4E-04  5.4416283E-01     18 8.6E+00
   288      3  4.2E-02    309 (2.3E-06) 2.3E+00  5.4416186E-01     18 8.6E+00
   289      1  8.6E-09    311 (2.3E-06) 2.3E+00  5.4416186E-01     18 8.6E+00

 Major Minors     Step   nCon Feasible  Optimal  MeritFunction     nS Penalty
   290     26  7.3E-11    312 (2.3E-06) 1.2E+00  5.4416186E-01     16 8.6E+00
   291      6  1.6E-12    313 (2.3E-06) 8.8E-02  5.4416186E-01     18 8.6E+00
   292      1  1.3E-12    314 (2.3E-06) 8.8E-02  5.4416186E-01     18 8.6E+00
   293      8  1.3E-12    315 (2.3E-06) 7.8E-01  5.4416186E-01     20 8.6E+00   R
   294      5  1.0E+00    317 (7.2E-07) 1.2E+00  5.4416144E-01     17 2.3E+01 sM
   295      2  4.8E-09    318 (7.2E-07) 2.9E-01  5.4416125E-01     17 1.0E+01
   296      1  2.2E-08    319 (7.2E-07) 3.2E-01  5.4416125E-01     17 1.0E+01
   297      4  1.3E-12    320 (7.2E-07) 9.8E-01  5.4416125E-01     18 1.0E+01
   298      2  1.3E-12    321 (7.2E-07) 9.8E-01  5.4416125E-01     18 1.0E+01
   298      6             321 (7.2E-07) 5.3E-01  5.4416111E-01     19           R
   299     13  1.0E+00    323  1.6E-02  8.8E-04  5.4415768E-01     15         sM

 Major Minors     Step   nCon Feasible  Optimal  MeritFunction     nS Penalty
   300     14  1.0E-01    324  1.7E-02  1.6E-02  5.4398255E-01      8            D
   301     41  1.4E-01    325  1.5E-02  4.1E-03  5.3955209E-01     13
   302     45  1.0E-01    326  2.1E-02  6.6E-03  5.3535522E-01      7            D
   303     11  1.4E-01    327  2.4E-02  8.7E-02  5.3360773E-01     11
   304     15  1.2E-02    328  2.4E-02  2.5E-02  5.3375463E-01     15 1.4E-02
   305      7  7.0E-03    329  2.4E-02  3.6E-02  5.4212419E-01     13 3.9E+00
   306      6  9.0E-02    330  2.0E-02  5.3E-02  5.4059829E-01     16 4.0E+00
   307      1  5.8E-04    331  2.0E-02  3.4E-02  5.4216771E-01     16 4.9E+00
   308     48  3.0E-06    332  2.0E-02  2.0E+01  5.4329077E-01     11 5.6E+00

 SNOPTC EXIT  60 -- undefined user-supplied functions
 SNOPTC INFO  63 -- unable to proceed into undefined region

 Problem name                 Optimiza
 No. of iterations                 919   Objective            5.1858828843E-01
 No. of major iterations           308   Linear    obj. term  0.0000000000E+00
 Penalty parameter           3.458E+00   Nonlinear obj. term  5.1858828843E-01
 User function calls (total)      1224   Calls with modes 1,2 (known g)    332
 No. of superbasics                 11   No. of basic nonlinears             2
 No. of degenerate steps             9   Percentage                       0.98
 Max x                      24 2.7E+00   Max pi                      2 4.8E-01
 Max Primal infeas          28 5.4E-02   Max Dual infeas            15 5.2E+01
 Nonlinear constraint violn    5.4E-02



 Solution printed on file  18

 Time for MPS input                             0.00 seconds
 Time for solving problem                   38402.90 seconds
 Time for solution output                       0.00 seconds
 Time for constraint functions              38402.75 seconds
 Time for objective function                    0.00 seconds
