st7
1.000000 0.010834
0.999938 0.010856
0.999751 0.010920
0.999439 0.011029
0.999003 0.011180
0.998443 0.011374
0.997759 0.011612
0.996950 0.011892
0.996018 0.012214
0.994962 0.012579
0.993782 0.012985
0.992480 0.013433
0.991055 0.013922
0.989507 0.014452
0.987838 0.015022
0.986046 0.015632
0.984134 0.016281
0.982101 0.016970
0.979948 0.017696
0.977675 0.018460
0.975284 0.019261
0.972774 0.020099
0.970146 0.020972
0.967400 0.021881
0.964539 0.022824
0.961561 0.023800
0.958469 0.024809
0.955262 0.025851
0.951942 0.026924
0.948509 0.028027
0.944964 0.029160
0.941309 0.030322
0.937544 0.031512
0.933669 0.032729
0.929686 0.033973
0.925597 0.035242
0.921401 0.036535
0.917100 0.037852
0.912695 0.039192
0.908188 0.040554
0.903579 0.041936
0.898869 0.043339
0.894059 0.044760
0.889152 0.046200
0.884147 0.047657
0.879047 0.049131
0.873852 0.050620
0.868565 0.052124
0.863185 0.053641
0.857715 0.055171
0.852155 0.056713
0.846508 0.058266
0.840775 0.059829
0.834956 0.061401
0.829054 0.062981
0.823070 0.064569
0.817006 0.066164
0.810862 0.067765
0.804642 0.069370
0.798345 0.070980
0.791974 0.072592
0.785530 0.074208
0.779014 0.075824
0.772430 0.077442
0.765777 0.079059
0.759059 0.080676
0.752275 0.082291
0.745429 0.083903
0.738522 0.085512
0.731555 0.087117
0.724530 0.088717
0.717450 0.090311
0.710315 0.091899
0.703128 0.093479
0.695890 0.095051
0.688604 0.096613
0.681270 0.098166
0.673891 0.099707
0.666469 0.101237
0.659006 0.102754
0.651503 0.104258
0.643962 0.105747
0.636385 0.107221
0.628774 0.108678
0.621131 0.110118
0.613458 0.111540
0.605757 0.112942
0.598029 0.114324
0.590277 0.115685
0.582502 0.117023
0.574707 0.118338
0.566893 0.119628
0.559063 0.120893
0.551217 0.122131
0.543359 0.123341
0.535491 0.124522
0.527613 0.125673
0.519728 0.126793
0.511839 0.127880
0.503947 0.128934
0.496053 0.129953
0.488161 0.130936
0.480272 0.131882
0.472387 0.132789
0.464509 0.133657
0.456641 0.134484
0.448783 0.135269
0.440937 0.136011
0.433107 0.136708
0.425293 0.137360
0.417498 0.137966
0.409723 0.138524
0.401971 0.139033
0.394243 0.139492
0.386542 0.139901
0.378869 0.140257
0.371226 0.140561
0.363615 0.140811
0.356038 0.141006
0.348497 0.141146
0.340994 0.141230
0.333531 0.141256
0.326109 0.141225
0.318730 0.141135
0.311396 0.140986
0.304110 0.140778
0.296872 0.140510
0.289685 0.140182
0.282550 0.139793
0.275470 0.139343
0.268445 0.138832
0.261478 0.138260
0.254571 0.137626
0.247725 0.136931
0.240941 0.136175
0.234223 0.135358
0.227570 0.134481
0.220986 0.133543
0.214470 0.132544
0.208026 0.131487
0.201655 0.130370
0.195358 0.129195
0.189138 0.127962
0.182994 0.126673
0.176930 0.125327
0.170946 0.123925
0.165044 0.122470
0.159225 0.120961
0.153492 0.119399
0.147845 0.117787
0.142285 0.116124
0.136815 0.114412
0.131435 0.112653
0.126148 0.110847
0.120953 0.108996
0.115853 0.107102
0.110848 0.105164
0.105941 0.103186
0.101131 0.101169
0.096421 0.099113
0.091812 0.097020
0.087305 0.094892
0.082900 0.092730
0.078599 0.090535
0.074403 0.088310
0.070314 0.086055
0.066331 0.083771
0.062456 0.081461
0.058691 0.079126
0.055036 0.076766
0.051491 0.074383
0.048058 0.071979
0.044738 0.069555
0.041531 0.067112
0.038439 0.064651
0.035461 0.062173
0.032600 0.059680
0.029854 0.057172
0.027226 0.054651
0.024716 0.052117
0.022325 0.049572
0.020052 0.047017
0.017899 0.044451
0.015866 0.041877
0.013954 0.039295
0.012162 0.036705
0.010493 0.034108
0.008945 0.031506
0.007520 0.028898
0.006218 0.026285
0.005038 0.023668
0.003982 0.021047
0.003050 0.018423
0.002241 0.015796
0.001557 0.013167
0.000997 0.010536
0.000561 0.007903
0.000249 0.005270
0.000062 0.002635
0.000000 0.000000
0.000062 -0.001991
0.000249 -0.003981
0.000561 -0.005965
0.000997 -0.007943
0.001557 -0.009911
0.002241 -0.011868
0.003050 -0.013811
0.003982 -0.015738
0.005038 -0.017647
0.006218 -0.019536
0.007520 -0.021403
0.008945 -0.023246
0.010493 -0.025063
0.012162 -0.026853
0.013954 -0.028613
0.015866 -0.030342
0.017899 -0.032038
0.020052 -0.033701
0.022325 -0.035328
0.024716 -0.036919
0.027226 -0.038472
0.029854 -0.039986
0.032600 -0.041462
0.035461 -0.042896
0.038439 -0.044290
0.041531 -0.045642
0.044738 -0.046952
0.048058 -0.048219
0.051491 -0.049444
0.055036 -0.050625
0.058691 -0.051764
0.062456 -0.052859
0.066331 -0.053912
0.070314 -0.054922
0.074403 -0.055889
0.078599 -0.056815
0.082900 -0.057698
0.087305 -0.058540
0.091812 -0.059342
0.096421 -0.060104
0.101131 -0.060826
0.105941 -0.061510
0.110848 -0.062156
0.115853 -0.062766
0.120953 -0.063339
0.126148 -0.063876
0.131435 -0.064380
0.136815 -0.064850
0.142285 -0.065287
0.147845 -0.065693
0.153492 -0.066069
0.159225 -0.066414
0.165044 -0.066731
0.170946 -0.067021
0.176930 -0.067284
0.182994 -0.067520
0.189138 -0.067732
0.195358 -0.067920
0.201655 -0.068084
0.208026 -0.068226
0.214470 -0.068347
0.220986 -0.068446
0.227570 -0.068526
0.234223 -0.068586
0.240941 -0.068628
0.247725 -0.068651
0.254571 -0.068657
0.261478 -0.068646
0.268445 -0.068619
0.275470 -0.068577
0.282550 -0.068518
0.289685 -0.068445
0.296872 -0.068358
0.304110 -0.068257
0.311396 -0.068142
0.318730 -0.068014
0.326109 -0.067873
0.333531 -0.067720
0.340994 -0.067554
0.348497 -0.067377
0.356038 -0.067188
0.363615 -0.066987
0.371226 -0.066776
0.378869 -0.066553
0.386542 -0.066320
0.394243 -0.066077
0.401971 -0.065824
0.409723 -0.065561
0.417498 -0.065288
0.425293 -0.065006
0.433107 -0.064715
0.440937 -0.064416
0.448783 -0.064108
0.456641 -0.063792
0.464509 -0.063468
0.472387 -0.063137
0.480272 -0.062798
0.488161 -0.062453
0.496053 -0.062101
0.503947 -0.061743
0.511839 -0.061380
0.519728 -0.061011
0.527613 -0.060637
0.535491 -0.060258
0.543359 -0.059875
0.551217 -0.059488
0.559063 -0.059098
0.566893 -0.058705
0.574707 -0.058309
0.582502 -0.057910
0.590277 -0.057510
0.598029 -0.057108
0.605757 -0.056705
0.613458 -0.056301
0.621131 -0.055897
0.628774 -0.055493
0.636385 -0.055088
0.643962 -0.054684
0.651503 -0.054281
0.659006 -0.053878
0.666469 -0.053477
0.673891 -0.053077
0.681270 -0.052679
0.688604 -0.052282
0.695890 -0.051887
0.703128 -0.051494
0.710315 -0.051104
0.717450 -0.050715
0.724530 -0.050328
0.731555 -0.049944
0.738522 -0.049561
0.745429 -0.049181
0.752275 -0.048803
0.759059 -0.048427
0.765777 -0.048052
0.772430 -0.047680
0.779014 -0.047309
0.785530 -0.046940
0.791974 -0.046572
0.798345 -0.046205
0.804642 -0.045839
0.810862 -0.045474
0.817006 -0.045110
0.823070 -0.044747
0.829054 -0.044383
0.834956 -0.044021
0.840775 -0.043658
0.846508 -0.043295
0.852155 -0.042932
0.857715 -0.042569
0.863185 -0.042205
0.868565 -0.041841
0.873852 -0.041477
0.879047 -0.041112
0.884147 -0.040747
0.889152 -0.040381
0.894059 -0.040015
0.898869 -0.039648
0.903579 -0.039282
0.908188 -0.038916
0.912695 -0.038550
0.917100 -0.038184
0.921401 -0.037820
0.925597 -0.037456
0.929686 -0.037094
0.933669 -0.036733
0.937544 -0.036375
0.941309 -0.036019
0.944964 -0.035667
0.948509 -0.035318
0.951942 -0.034973
0.955262 -0.034633
0.958469 -0.034298
0.961561 -0.033968
0.964539 -0.033645
0.967400 -0.033329
0.970146 -0.033020
0.972774 -0.032720
0.975284 -0.032428
0.977675 -0.032146
0.979948 -0.031874
0.982101 -0.031612
0.984134 -0.031362
0.986046 -0.031123
0.987838 -0.030897
0.989507 -0.030684
0.991055 -0.030484
0.992480 -0.030299
0.993782 -0.030127
0.994962 -0.029971
0.996018 -0.029830
0.996950 -0.029705
0.997759 -0.029595
0.998443 -0.029502
0.999003 -0.029426
0.999439 -0.029366
0.999751 -0.029323
0.999938 -0.029298
1.000000 -0.029289
