
 ==============================
 S N O P T  7.7.7    (Feb 2021)
 ==============================

 SNMEMB EXIT 100 -- finished successfully
 SNMEMB INFO 104 -- memory requirements estimated

 ==============================
 S N O P T  7.7.7    (Feb 2021)
 ==============================



 Nonlinear constraints       3     Linear constraints       0
 Nonlinear variables        34     Linear variables         0
 Jacobian  variables        34     Objective variables     34
 Total constraints           3     Total variables         34



 The user has defined     102   out of     102   constraint gradients.
 The user has defined      34   out of      34   objective  gradients.


 Major Minors     Step   nCon Feasible  Optimal  MeritFunction     nS Penalty
     0     36               1  1.3E+00  7.2E-01  1.3224717E+00     29           r
     1     12  5.0E-01      2  9.1E-01  2.6E-01  1.9547326E-03     32 7.3E-01   rl
     2      1  1.7E-01      3  7.6E-01  3.6E+00  1.4116691E+00     32 7.8E-01 s
     3      2  1.0E+00      4  1.4E-01  5.4E-01  8.4122924E-01     31 7.8E-01
     4      1  1.0E+00      5  6.0E-03  1.7E-01  7.6562169E-01     31 7.8E-01
     5      2  1.0E+00      6  1.4E-05  1.5E-01  7.6512869E-01     32 7.8E-01
     6      2  1.0E+00      7  2.1E-04  2.1E-01  7.6195937E-01     31 7.8E-01
     7      3  1.0E+00      8  2.2E-03  2.0E-01  7.6130262E-01     29 7.8E-01
     8      3  6.0E-02      9  6.5E-03  1.7E-01  7.5971770E-01     31 7.8E-01
     9      2  3.9E-01     10  8.0E-03  2.8E-01  7.5970428E-01     30 7.8E-01

 Major Minors     Step   nCon Feasible  Optimal  MeritFunction     nS Penalty
    10      1  1.0E+00     11  9.7E-04  1.2E-01  7.5957475E-01     30 7.8E-01
    11      1  1.0E+00     12  6.1E-03  1.9E-01  7.5897772E-01     30 7.8E-01
    12      3  1.0E+00     13  5.9E-04  2.0E-01  7.5549008E-01     28 7.8E-01
    13      1  1.0E+00     14  3.4E-02  1.3E-01  7.3352734E-01     28 7.8E-01
    14      2  1.0E+00     15  4.1E-04  1.5E-01  7.2934968E-01     29 7.8E-01
    15      6  1.0E+00     17 (1.6E-10) 2.4E-01  7.2908292E-01     26 7.8E-01 sM
    16      2  1.0E-01     18  3.8E-05  3.2E-01  7.0158436E-01     25 7.8E-01
    17      4  2.3E-02     19  7.7E-02  1.9E-01  6.9703214E-01     28 7.8E-01
    18      4  1.6E-01     20  6.5E-02  3.6E-01  6.6372342E-01     27 7.8E-01
    19      2  1.5E-02     21  6.5E-02  3.0E-01  6.6104505E-01     26 7.8E-01

 Major Minors     Step   nCon Feasible  Optimal  MeritFunction     nS Penalty
    20      3  5.2E-02     22  6.1E-02  1.8E-01  6.5183247E-01     28 7.8E-01
    21      4  1.1E-02     23  6.0E-02  9.0E-02  6.5005007E-01     25 7.8E-01
    22      8  3.8E-02     24  8.2E-02  1.0E-01  6.4355364E-01     28 7.8E-01
    23      3  7.9E-03     25  7.4E-02  1.0E+00  6.4211954E-01     26 7.8E-01
    24      3  3.1E-06     26  7.4E-02  3.9E-01  6.4211902E-01     28 7.8E-01
    25      1  1.7E-08     27  7.4E-02  3.9E-01  6.4211902E-01     28 7.8E-01
    26      1  1.2E-09     28  7.4E-02  3.9E-01  6.4211902E-01     28 7.8E-01
    27     14  4.7E-11     29  7.4E-02  2.4E-01  6.4211902E-01     31 7.8E-01   R
    28      1  1.9E-10     30  7.4E-02  2.4E-01  6.4211902E-01     31 7.8E-01   R
    28      1              30  7.4E-02  9.2E-02  6.4192630E-01     31           r
    29      1  1.0E+00     32  1.5E-02  1.3E-01  6.3461537E-01     31         sm

 Major Minors     Step   nCon Feasible  Optimal  MeritFunction     nS Penalty
    30      4  1.0E+00     33  4.8E-03  5.9E-01  6.0921667E-01     30
    31      2  1.0E+00     34  1.4E-01  7.9E-01  4.7240227E-01     29
    32      3  1.0E+00     35  4.4E-02  1.4E-01  4.6227840E-01     29
    33      3  1.0E+00     37  1.2E-02  1.4E-01  4.4544483E-01     29          m
    34      8  1.0E+00     38  1.9E-03  2.2E-01  4.3204528E-01     25
    35     20  1.0E+00     39  2.9E+00  2.2E+00  2.2020582E-01      9
    36     30  9.5E-01     41  1.1E+00  1.3E+00 -4.0127190E+03     25 5.3E+01  M
    37      1  1.3E-05     43  1.1E+00  1.3E+00 -1.4528147E+03     25 1.0E+02
    38      5  7.2E-02     45  1.1E+00  1.4E+00  1.2799215E+02     25 1.4E+02  M
    39      3  1.3E-01     47  9.4E-01  1.4E+00  1.1854830E+02     26 1.4E+02  M

 Major Minors     Step   nCon Feasible  Optimal  MeritFunction     nS Penalty
    40      1  5.3E-02     49  8.9E-01  1.3E+00  1.0923287E+02     26 1.4E+02
    41      3  1.6E-01     51  7.5E-01  1.3E+00  9.6513667E+01     24 1.4E+02  M
    42      4  1.0E+00     52  1.8E-01  2.5E-01  5.5066834E+01     25 1.4E+02
    43      4  1.5E-02     53  1.7E-01  5.0E-01  5.7854006E+00     24 1.4E+01
    44      3  1.0E+00     54  1.2E-02  2.2E-01  3.6189701E-01     26 6.3E+00
    45      4  2.2E-01     55  9.8E-03  2.0E-01  3.5666951E-01     27 6.3E+00
    46      3  8.2E-03     56  9.7E-03  2.0E-01  3.5645229E-01     27 6.3E+00
    47      1  3.3E-04     57  9.7E-03  2.0E-01  3.5644248E-01     27 6.3E+00
    48      1  1.6E-11     58  9.7E-03  2.0E-01  3.5644248E-01     27 6.3E+00
    49      2  3.1E-11     59  9.7E-03  2.1E-01  3.5644248E-01     26 6.3E+00

 Major Minors     Step   nCon Feasible  Optimal  MeritFunction     nS Penalty
    50      1  2.4E-11     60  9.7E-03  2.1E-01  3.5644248E-01     26 6.3E+00
    51      4  2.4E-11     61  9.7E-03  4.4E+00  3.5644248E-01     27 6.3E+00
    52      6  2.4E-06     62  9.7E-03  2.0E-01  3.5644243E-01     28 6.3E+00
