     0     24  1.0E-01      1  5.0E-02  6.7E-01  1.5975425E+04      4           r
     1     41  3.1E-01      2  1.5E-02  5.7E-03  5.1407542E+03     10           rl
     2     32  7.2E-02      4  1.5E-02  6.6E-03  5.0652705E+03      4         sM D
     3     17  9.7E-03      5  1.5E-02  1.6E-02  5.0616523E+03      4
     4     20  2.6E-02      6  1.1E-02  6.5E-03  5.0369505E+03      5
     5     56  3.9E-02      7  3.4E-03  6.3E-03  5.0369109E+03     21           Rl
     6      1  5.7E-01      8  7.9E-04  6.8E-03  5.2232048E+03     21 1.4E+04 s
     7      6  1.0E+00      9  6.7E-04  1.0E-02  5.2036651E+03     20 1.5E+04
     8      9  6.9E-02     10  8.0E-04  8.1E-03  5.1701307E+03     20 1.3E+02
     9      2  1.0E+00     11  2.5E-03  4.3E-02  5.0948550E+03     21 1.8E+01
    10      2  1.0E+00     12  3.3E-04  9.6E-03  5.0771720E+03     22 7.5E+00
    11      3  4.7E-01     13  5.7E-04  2.5E-02  5.0559331E+03     22 7.5E+00
    12      2  1.0E+00     14  1.3E-04  9.5E-03  5.0477164E+03     21 1.1E+04
    13      1  1.0E+00     15  2.1E-04  8.2E-03  5.0299073E+03     21 2.5E+02
    14      1  1.0E+00     16  1.3E-04  1.0E-02  5.0155949E+03     21 5.3E+01
    15      1  1.0E+00     17  2.4E-05  4.0E-03  5.0096986E+03     21 2.5E+01
    16      2  1.0E+00     18  7.5E-05  2.4E-03  4.9965620E+03     20 2.5E+01
    17      1  1.0E+00     19  1.5E-05  5.2E-03  4.9888283E+03     20 2.5E+01
    18      1  1.0E+00     20  4.8E-05  2.3E-03  4.9826142E+03     20 2.5E+01
    19      1  1.0E+00     21 (9.7E-06) 2.2E-03  4.9811709E+03     20 2.5E+01
    20      1  1.0E+00     22  1.4E-05  1.9E-03  4.9797537E+03     20 2.5E+01
    21      1  1.0E+00     23  1.3E-05  2.0E-03  4.9783257E+03     20 2.5E+01
    22      1  1.0E+00     24 (2.6E-06) 1.9E-03  4.9776341E+03     20 2.5E+01
    23      1  1.0E+00     25  1.6E-05  1.6E-03  4.9763127E+03     20 2.5E+01
    24      1  1.0E+00     26 (3.2E-06) 1.6E-03  4.9753264E+03     20 2.5E+01
    25      1  1.0E+00     27  1.1E-05  1.3E-03  4.9741885E+03     20 2.5E+01
    26      1  1.0E+00     28 (3.3E-06) 1.1E-03  4.9733201E+03     20 2.5E+01
    27      1  1.0E+00     29  2.1E-05  1.1E-03  4.9717301E+03     20 2.5E+01
    28      1  1.0E+00     30 (5.8E-06) 1.1E-03  4.9711593E+03     20 2.5E+01
    29      1  1.0E+00     31 (1.2E-06) 1.0E-03  4.9709829E+03     20 2.5E+01
    30      1  1.0E+00     32 (3.4E-07) 9.2E-04  4.9708663E+03     20 2.5E+01
    31      1  1.0E+00     33 (5.8E-07) 7.9E-04  4.9707054E+03     20 2.5E+01
    32      1  1.0E+00     34 (8.5E-07) 6.5E-04  4.9705370E+03     20 2.5E+01
    33      1  1.0E+00     35 (1.1E-06) 6.7E-04  4.9703830E+03     20 2.5E+01
    34      1  1.0E+00     36 (7.8E-07) 7.2E-04  4.9702667E+03     20 2.5E+01
    35      1  1.0E+00     37 (4.5E-07) 5.6E-04  4.9701768E+03     20 2.5E+01
    36      1  1.0E+00     38 (3.1E-07) 3.0E-04  4.9701012E+03     20 2.5E+01
    37      1  1.0E+00     39 (3.2E-07) 2.9E-04  4.9700391E+03     20 2.5E+01
    38      1  1.0E+00     40 (2.5E-07) 2.4E-04  4.9699947E+03     20 2.5E+01
    39      1  1.0E+00     41 (1.5E-07) 2.2E-04  4.9699609E+03     20 2.5E+01
    40      1  1.0E+00     42 (9.1E-08) 2.5E-04  4.9699353E+03     20 2.5E+01
    41      1  1.0E+00     43 (5.7E-08) 2.6E-04  4.9699210E+03     20 2.5E+01
    42      1  1.0E+00     44 (2.6E-08) 2.6E-04  4.9699151E+03     20 2.5E+01
    43      1  1.0E+00     45 (1.0E-08) 2.6E-04  4.9699114E+03     20 2.5E+01
    44      1  1.0E+00     46 (1.3E-08) 2.4E-04  4.9699063E+03     20 2.5E+01
    45      1  1.0E+00     47 (3.3E-08) 2.2E-04  4.9698966E+03     20 2.5E+01
    46      1  1.0E+00     48 (9.0E-08) 1.7E-04  4.9698796E+03     20 2.5E+01
    47      1  1.0E+00     49 (1.7E-07) 1.3E-04  4.9698565E+03     20 2.5E+01
    48      1  1.0E+00     50 (1.7E-07) 1.3E-04  4.9698351E+03     20 2.5E+01
    49      1  1.0E+00     51 (8.4E-08) 1.3E-04  4.9698209E+03     20 2.5E+01
    50      1  1.0E+00     52 (5.1E-08) 1.2E-04  4.9698113E+03     20 2.5E+01
    51      1  1.0E+00     53 (6.0E-08) 1.2E-04  4.9698025E+03     20 2.5E+01
    52      1  1.0E+00     54 (5.5E-08) 1.3E-04  4.9697952E+03     20 2.5E+01
    53      1  1.0E+00     55 (2.3E-08) 1.3E-04  4.9697912E+03     20 2.5E+01
    54      1  1.0E+00     56 (7.9E-09) 1.3E-04  4.9697891E+03     20 2.5E+01
    55      1  1.0E+00     57 (6.4E-09) 1.2E-04  4.9697873E+03     20 2.5E+01
    56      1  1.0E+00     58 (7.1E-09) 1.2E-04  4.9697853E+03     20 2.5E+01
    57      1  1.0E+00     59 (5.1E-09) 1.2E-04  4.9697838E+03     20 2.5E+01
    58      1  1.0E+00     60 (3.6E-09) 1.1E-04  4.9697827E+03     20 2.5E+01
    59      1  1.0E+00     61 (3.9E-09) 1.0E-04  4.9697817E+03     20 2.5E+01
    60      1  1.0E+00     62 (8.5E-09) 9.4E-05  4.9697800E+03     20 2.5E+01
    61      1  1.0E+00     63 (1.8E-08) 7.7E-05  4.9697776E+03     20 2.5E+01
    62      1  1.0E+00     64 (2.5E-08) 5.7E-05  4.9697749E+03     20 2.5E+01
    63      1  1.0E+00     65 (1.5E-08) 6.6E-05  4.9697729E+03     20 2.5E+01
    64      1  1.0E+00     66 (6.4E-09) 6.3E-05  4.9697715E+03     20 2.5E+01
    65      1  1.0E+00     67 (5.0E-09) 4.8E-05  4.9697703E+03     20 2.5E+01
    66      1  1.0E+00     68 (6.6E-09) 3.9E-05  4.9697692E+03     20 2.5E+01
    67      1  1.0E+00     69 (5.8E-09) 3.1E-05  4.9697686E+03     20 2.5E+01
    68      1  1.0E+00     70 (2.0E-09) 2.1E-05  4.9697684E+03     20 2.5E+01
    69      1  1.0E+00     71 (5.3E-10) 1.2E-05  4.9697683E+03     20 2.5E+01
    70      1  1.0E+00     72 (3.4E-10) 4.9E-06  4.9697683E+03     20 2.5E+01
    71      1  1.0E+00     73 (1.7E-10) 1.8E-06  4.9697682E+03     20 2.5E+01
    72      1  1.0E+00     74 (5.0E-11) 1.9E-06  4.9697682E+03     20 2.5E+01
    73      1  1.0E+00     75 (1.9E-11) 2.2E-06  4.9697682E+03     20 2.5E+01
    74      1  1.0E+00     76 (2.8E-11) 2.3E-06  4.9697682E+03     20 2.5E+01
    75      1  1.0E+00     77 (3.1E-11) 2.8E-06  4.9697682E+03     20 2.5E+01
    76      1  1.0E+00     78 (4.8E-11) 2.1E-06  4.9697682E+03     20 2.5E+01
    77      1  1.0E+00     79 (4.9E-11) 3.2E-06  4.9697682E+03     20 2.5E+01
    78      1  1.0E+00     80 (2.2E-11) 3.2E-06  4.9697681E+03     20 2.5E+01
    79      1  1.0E+00     81 (1.4E-11) 2.8E-06  4.9697681E+03     20 2.5E+01
    80      1  1.0E+00     82 (8.5E-12) 2.1E-06  4.9697681E+03     20 2.5E+01
    81      1  1.0E+00     83 (1.1E-11) 1.0E-06  4.9697681E+03     20 2.5E+01
    82      1  1.0E+00     84 (8.5E-12) 8.5E-07  4.9697681E+03     20 2.5E+01
    83      1  1.0E+00     85 (1.1E-12) 5.2E-07  4.9697681E+03     20 2.5E+01
    84      1  1.0E+00     86 (1.7E-13) 4.0E-07  4.9697681E+03     20 2.5E+01
    85      1  1.0E+00     87 (1.7E-13) 2.5E-07  4.9697681E+03     20 2.5E+01
    86      1  1.0E+00     88 (1.1E-13) 1.9E-07  4.9697681E+03     20 2.5E+01
    87      1  1.0E+00     89 (3.3E-14) 1.4E-07  4.9697681E+03     20 2.5E+01
    88      1  1.0E+00     90 (7.3E-15) (9.0E-08) 4.9697681E+03     20 2.5E+01