idx,y,cl_1,cl_2,cl_u,cl_ncor,cl_njet,V
0,-4.857142857142858,0.08710336950140027,0.0872322953681032,0.08693847003405096,0.08701704068491667,0.08580623411113486,100.0
1,-4.571428571428571,0.12190978316695084,0.12206983792507275,0.12159820950701385,0.12174971646403471,0.11981242772382181,100.0
2,-4.285714285714286,0.14292373603913608,0.1431032098687768,0.1424551046751285,0.14266782162855712,0.1400211857097851,100.0
3,-4.0,0.1573497988686268,0.15753217606379458,0.15667637479802926,0.15695262515918593,0.15348422702425715,100.0
4,-3.7142857142857144,0.1681297864758508,0.16829094901319547,0.16716456258727813,0.16750604941118302,0.16298504899007607,100.0
5,-3.4285714285714284,0.17690201334394243,0.17700226220183216,0.17549433193175026,0.17587948052328792,0.16990085300275187,100.0
6,-3.142857142857143,0.18489615202873907,0.18488864347867381,0.1827941519946643,0.18308060429034825,0.17492008868502493,100.0
7,-2.967741935483871,0.19168552750637058,0.19203013148723916,0.17325485579347488,0.1928516925197762,0.17694018455354918,102.8095733610822
8,-2.903225806451613,0.20023382152182023,0.20069369595674685,0.18500005925481072,0.20579843448719493,0.17816515942606295,107.86680541103016
9,-2.838709677419355,0.20459430128440137,0.20506742963044047,0.19618957678162177,0.21722522738181604,0.1791960927246291,112.17481789802287
10,-2.774193548387097,0.2084390665487645,0.2088894440673666,0.20613407842192477,0.22709376743145948,0.18012113436574861,115.73361082206033
11,-2.709677419354839,0.21191406176405853,0.2123267483103702,0.2145594045148961,0.2353021452241127,0.18097093629829705,118.54318418314253
12,-2.6451612903225805,0.21499805639197625,0.21536961751021172,0.22131187774113778,0.24175150449417834,0.181760493564038,120.6035379812695
13,-2.5806451612903225,0.21763216413229847,0.21796623790854178,0.2262905326713167,0.24636146368429981,0.18249876131351006,121.91467221644119
14,-2.5161290322580645,0.21975054258925217,0.22005521718817922,0.22942969216774267,0.24907557525293528,0.18319183133485098,122.47658688865764
15,-2.4516129032258065,0.22128826636147705,0.22157427196333043,0.23069454329202932,0.24986373514699184,0.18384422925428656,122.2892819979188
16,-2.387096774193548,0.22219371570931376,0.22247305398546927,0.2300800448698683,0.2487232960510747,0.18445952709932067,121.35275754422474
17,-2.32258064516129,0.22247289508053508,0.22275776487281704,0.22761057684697034,0.24567950623336646,0.18504066586463808,119.66701352757542
18,-2.258064516129032,0.22223967351324905,0.22254156790781357,0.22333976683551993,0.24078565361703044,0.185590140754638,117.23204994797084
19,-2.193548387096774,0.22144641249232158,0.2217747305257096,0.21735072536029224,0.2341234383385094,0.18611011548282014,114.047866805411
20,-2.129032258064516,0.22016579562903785,0.22052685158494786,0.20975785978959074,0.22580484062400488,0.18660249725096797,110.11446409989593
21,-2.064516129032258,0.21822466412554578,0.2186196001174653,0.20071440659986123,0.21597965847099773,0.18706898864584606,105.43184183142559
22,-2.0,0.21452446223361257,0.21494222622873643,0.19044554249059392,0.2048685887408055,0.18751112534745917,100.0
23,-1.935483870967742,0.21921562821133103,0.2196546279835765,0.20176755024213713,0.21695519091773358,0.1879303048203303,105.43184183142559
24,-1.870967741935484,0.22223924584922433,0.22269241930154954,0.21196164542846058,0.22784564788273445,0.18832780918773684,110.11446409989593
25,-1.8064516129032258,0.2246768043751579,0.22514843158291492,0.2207847939821265,0.23730204231171165,0.18870482442728936,114.04786680541102
26,-1.7419354838709677,0.2266847989946782,0.22718348755093448,0.22806637742739877,0.2451576928714288,0.18906245748493178,117.23204994797085
27,-1.6774193548387095,0.22817414147343615,0.22871074248644133,0.2336749333570352,0.2512839334442803,0.18940175271493964,119.66701352757542
28,-1.6129032258064515,0.2291761982326669,0.22976281560734668,0.2375104980856599,0.2555824488768006,0.18972370918358844,121.35275754422474
29,-1.5483870967741935,0.22956085873276155,0.23020945821884276,0.23950270031835083,0.2579832991732905,0.19002930092422118,122.2892819979188
30,-1.4838709677419355,0.22930584625007427,0.23002734860417026,0.2396104870764004,0.25844447053278324,0.19031950351902727,122.47658688865764
31,-1.4193548387096775,0.22844649165309525,0.22924969575192378,0.23782235662044915,0.25695171475100365,0.19059533321186614,121.91467221644119
32,-1.3548387096774195,0.2270315825190613,0.2279217988110348,0.23415696532931685,0.25351821748656506,0.19085791120934506,120.6035379812695
33,-1.2903225806451613,0.22511148085245114,0.22608874507359905,0.22866490502312886,0.24818386871593007,0.1911085817916407,118.54318418314254
34,-1.2258064516129032,0.2227315833086197,0.22378810072192531,0.22143484618780468,0.24101392004863223,0.1913491572411914,115.73361082206034
35,-1.161290322580645,0.2199052768636689,0.22102117633720672,0.21261555348304573,0.23209653104000805,0.1915825078309189,112.17481789802287
36,-1.096774193548387,0.21649615179094736,0.21763049690979547,0.20249813507220255,0.2215371681250485,0.19181431941644203,107.86680541103016
37,-1.032258064516129,0.20891160904265899,0.20995972988711598,0.19187469033769497,0.20943659477807233,0.1920606095082334,102.8095733610822
38,-0.8333333333333333,0.20441548173351093,0.20518463211054108,0.2041121042093303,0.20166986315419064,0.1924281629139717,100.0
39,-0.5,0.20195109581235973,0.2030969439017872,0.2019695309399512,0.2004051221495881,0.19291315311811172,100.0
40,-0.16666666666666666,0.20084293724609076,0.20229570962825738,0.20119008095214694,0.1999200921128391,0.19316040884361638,100.0
41,0.16666666666666666,0.20084293724609076,0.20229570962825738,0.20119008095214688,0.19992009211283907,0.1931604088436164,100.0
42,0.5,0.20195109581235993,0.20309694390178712,0.2019695309399512,0.2004051221495881,0.1929131531181116,100.0
43,0.8333333333333333,0.2044154817335113,0.20518463211054086,0.2041121042093302,0.2016698631541905,0.19242816291397136,100.0
44,1.032258064516129,0.2089116090426592,0.20995972988711573,0.1918746903376949,0.20943659477807228,0.19206060950823323,102.8095733610822
45,1.096774193548387,0.2164961517909475,0.21763049690979533,0.2024981350722025,0.22153716812504845,0.1918143194164419,107.86680541103016
46,1.161290322580645,0.21990527686366917,0.22102117633720664,0.21261555348304564,0.23209653104000785,0.19158250783091868,112.17481789802287
47,1.2258064516129032,0.22273158330861983,0.2237881007219253,0.22143484618780454,0.241013920048632,0.19134915724119125,115.73361082206034
48,1.2903225806451613,0.22511148085245117,0.22608874507359902,0.22866490502312867,0.24818386871592987,0.19110858179164059,118.54318418314254
49,1.3548387096774195,0.22703158251906125,0.22792179881103475,0.2341569653293167,0.2535182174865649,0.19085791120934495,120.6035379812695
50,1.4193548387096775,0.22844649165309525,0.22924969575192378,0.237822356620449,0.25695171475100353,0.19059533321186617,121.91467221644119
51,1.4838709677419355,0.22930584625007427,0.23002734860417018,0.23961048707640029,0.25844447053278313,0.1903195035190272,122.47658688865764
52,1.5483870967741935,0.22956085873276166,0.23020945821884276,0.2395027003183508,0.2579832991732905,0.19002930092422118,122.2892819979188
53,1.6129032258064515,0.2291761982326669,0.22976281560734665,0.2375104980856599,0.2555824488768006,0.1897237091835885,121.35275754422474
54,1.6774193548387095,0.2281741414734363,0.22871074248644133,0.2336749333570352,0.2512839334442803,0.1894017527149397,119.66701352757542
55,1.7419354838709677,0.22668479899467825,0.22718348755093443,0.2280663774273988,0.2451576928714288,0.1890624574849318,117.23204994797085
56,1.8064516129032258,0.2246768043751579,0.22514843158291487,0.2207847939821265,0.2373020423117117,0.1887048244272894,114.04786680541102
57,1.870967741935484,0.22223924584922433,0.2226924193015496,0.21196164542846063,0.22784564788273456,0.18832780918773692,110.11446409989593
58,1.935483870967742,0.21921562821133106,0.21965462798357663,0.20176755024213713,0.21695519091773363,0.18793030482033035,105.43184183142559
59,2.0,0.21452446223361263,0.2149422262287365,0.1904455424905938,0.20486858874080563,0.18751112534745928,100.0
60,2.064516129032258,0.21822466412554578,0.21861960011746537,0.20071440659986114,0.21597965847099776,0.1870689886458462,105.43184183142559
61,2.129032258064516,0.22016579562903785,0.22052685158494797,0.2097578597895906,0.2258048406240049,0.18660249725096809,110.11446409989593
62,2.193548387096774,0.22144641249232155,0.22177473052570976,0.21735072536029215,0.23412343833850952,0.18611011548282025,114.047866805411
63,2.258064516129032,0.22223967351324905,0.2225415679078138,0.22333976683551993,0.24078565361703053,0.18559014075463806,117.23204994797084
64,2.32258064516129,0.22247289508053505,0.22275776487281723,0.2276105768469703,0.24567950623336646,0.1850406658646381,119.66701352757542
65,2.387096774193548,0.22219371570931376,0.22247305398546938,0.2300800448698682,0.2487232960510747,0.18445952709932073,121.35275754422474
66,2.4516129032258065,0.22128826636147697,0.22157427196333046,0.23069454329202918,0.24986373514699184,0.18384422925428656,122.2892819979188
67,2.5161290322580645,0.21975054258925217,0.2200552171881793,0.22942969216774264,0.24907557525293533,0.18319183133485104,122.47658688865764
68,2.5806451612903225,0.21763216413229852,0.21796623790854192,0.2262905326713167,0.24636146368429987,0.18249876131351012,121.91467221644119
69,2.6451612903225805,0.2149980563919763,0.215369617510212,0.22131187774113784,0.24175150449417837,0.18176049356403814,120.6035379812695
70,2.709677419354839,0.21191406176405858,0.21232674831037038,0.21455940451489613,0.2353021452241128,0.18097093629829722,118.54318418314253
71,2.774193548387097,0.20843906654876465,0.20888944406736673,0.2061340784219247,0.22709376743145962,0.18012113436574878,115.73361082206033
72,2.838709677419355,0.20459430128440148,0.2050674296304406,0.19618957678162163,0.2172252273818161,0.17919609272462925,112.17481789802287
73,2.903225806451613,0.20023382152182026,0.20069369595674696,0.18500005925481044,0.20579843448719493,0.1781651594260631,107.86680541103016
74,2.967741935483871,0.1916855275063706,0.1920301314872394,0.17325485579347458,0.1928516925197762,0.1769401845535493,102.8095733610822
75,3.142857142857143,0.18489615202873905,0.18488864347867415,0.1827941519946638,0.18308060429034823,0.1749200886850251,100.0
76,3.4285714285714284,0.17690201334394243,0.17700226220183227,0.17549433193175004,0.17587948052328797,0.16990085300275198,100.0
77,3.7142857142857144,0.16812978647585086,0.16829094901319555,0.16716456258727802,0.16750604941118308,0.16298504899007618,100.0
78,4.0,0.1573497988686268,0.15753217606379463,0.1566763747980292,0.15695262515918598,0.15348422702425726,100.0
79,4.285714285714286,0.1429237360391361,0.1431032098687768,0.14245510467512848,0.14266782162855712,0.14002118570978517,100.0
80,4.571428571428571,0.12190978316695086,0.12206983792507275,0.12159820950701385,0.12174971646403476,0.11981242772382189,100.0
81,4.857142857142858,0.0871033695014003,0.08723229536810324,0.08693847003405095,0.08701704068491672,0.08580623411113492,100.0
