,y,V1x_ib,V2x_ib,V1z_ib,V2z_ib,V1x_wt,V2x_wt,V1z_wt,V2z_wt
0,-17.126425503208008,-0.019615915125142613,-0.06889379504116815,-0.001444151178432793,0.006604024283110819,-0.000656230049075227,-1.8810306896221045,-1.4686673336334597e-05,0.07067607752776431
1,-17.07537803524018,-0.01973749378010985,-0.0694828667563945,-0.0014558762909825324,0.006666667878951323,-0.0006584007061455372,-1.903467683810638,-1.4775669530887007e-05,0.21820791301733525
2,-17.024330567272347,-0.019860004323997465,-0.07007789022698062,-0.001467704196265616,0.006729855324406991,-0.0006605788334162342,2.3087255796900257,-1.4865220005591152e-05,23.860597281273186
3,-16.973283099304513,-0.019983455005476713,-0.07067893285369038,-0.0014796358088927245,0.006793589392963517,-0.0006627644457932667,4.03541255797516,-1.4955328461087264e-05,24.22156782154932
4,-16.92223563133668,-0.020107854153978297,-0.07128606291118487,-0.0014916720507714538,0.006857872824603288,-0.0006649575580030942,5.377227593953162,-1.5045998625194142e-05,23.25409159522817
5,-16.871188163368846,-0.02023321018055239,-0.07189934956288457,-0.0015038138511387982,0.006922708324774432,-0.0006671581845883301,7.139125594919108,-1.5137234253304902e-05,23.71715315870012
6,-16.82014069540101,-0.020359531578738595,-0.07251886287620368,-0.0015160621465923024,0.00698809856336778,-0.0006693663399035018,8.316728175624553,-1.5229039128425053e-05,22.79225937268415
7,-16.769093227433178,-0.020486826925446917,-0.07314467383817,-0.0015284178811211548,0.007054046173709581,-0.000671582038110624,9.87889407703555,-1.5321417061632786e-05,22.823446555390614
8,-16.718045759465344,-0.020615104881849224,-0.07377685437144171,-0.0015408820061361633,0.00712055375156529,-0.0006738052931747743,11.498471814306175,-1.5414371892139342e-05,22.92184256718904
9,-16.66699829149751,-0.020744374194281382,-0.07441547735073359,-0.0015534554804998368,0.007187623854160099,-0.0006760361188595846,12.95034479702245,-1.5507907487710085e-05,22.7289268133133
10,-16.615950823529676,-0.020874643695156715,-0.07506061661966615,-0.0015661392705556205,0.007255258999218012,-0.0006782745287225978,13.965556836375962,-1.5602027744736607e-05,21.97110394333587
11,-16.564903355561842,-0.02100592230389049,-0.07571234700805107,-0.0015789343501559953,0.007323461664020226,-0.0006805205361106249,14.90371874062178,-1.569673658859806e-05,21.212963262379944
12,-16.51385588759401,-0.021138219027835754,-0.07637074434962658,-0.0015918417006904795,0.007392234284486593,-0.0006827741541550361,15.567140236300823,-1.5792037973961114e-05,20.24838938707104
13,-16.462808419626175,-0.02127154296323094,-0.07703588550025686,-0.0016048623111136616,0.007461579254280257,-0.0006850353957669239,14.912476591248248,-1.5887935884851352e-05,18.074485563317367
14,-16.41176095165834,-0.021405903296159094,-0.0777078483566107,-0.0016179971779705887,0.007531498923941762,-0.000687304273632193,12.235555576099106,-1.598443433523274e-05,14.258081789662544
15,-16.360713483690507,-0.02154130930351901,-0.07838671187533439,-0.001631247305423621,0.00760199560004993,-0.0006895808002066638,6.8525990670476205,-1.6081537368993884e-05,8.481555093564772
16,-16.32988570197128,-0.021623591920687572,-0.07880005602921811,-0.0016393053593807198,0.0076448492389834775,-0.0006909593136636877,1.9373940674818602,-1.6140472814016195e-05,3.817171264534067
17,-16.308684049056186,-0.021680405770819144,-0.07908581819487835,-0.0016448719725007809,0.007674444479125308,-0.0006919090023090944,-0.11164512980037375,-1.6181134669838703e-05,1.9803768044336916
18,-16.26633885548293,-0.021794428144689588,-0.07966021205817875,-0.0016560505842500666,0.007733854252569841,-0.0006938097392212333,-1.1810748643495446,-1.6262663646082886e-05,0.9530403360148111
19,-16.202966186483707,-0.021966451471604972,-0.08052901660080572,-0.0016729322722995059,0.007823515558114903,-0.0006966642089656407,-1.185297249638345,-1.6385470650166063e-05,0.7499228411964269
20,-16.118739742139283,-0.022197672086596766,-0.08170100080555225,-0.0016956544108645158,0.007944079739342951,-0.0007004763510534227,-1.0213744139636356,-1.6550172963763215e-05,0.6223487072919189
21,-16.013890381279083,-0.02248969941814171,-0.08318804632436767,-0.0017244015543832847,0.008096406985651228,-0.000705251253342549,-0.8273385986820705,-1.6757595278079673e-05,0.4838198280028366
22,-15.88870548871324,-0.02284456816338515,-0.08500531462222899,-0.0017594065713566814,0.008281558167822951,-0.0007109950069455321,-0.629921448724094,-1.700877095963949e-05,0.35076610554335225
23,-15.743528187530783,-0.023264753374940928,-0.08717146201390587,-0.0018009519867578953,0.008500783349931684,-0.0007177145201686887,-0.4538209602085244,-1.730494344327736e-05,0.23856924179587496
24,-15.578756398623101,-0.023753188349911667,-0.08970890734511833,-0.0018493714766412714,0.008755506244376633,-0.0007254172884747906,-0.31347667453401673,-1.7647567626104752e-05,0.15389801594554636
25,-15.394841750010443,-0.024313285168847273,-0.09264415880597925,-0.001905051440977972,0.009047303894083083,-0.0007341111169963535,-0.2106136352028026,-1.8038311103951722e-05,0.09526258917550881
26,-15.192288338960907,-0.024948957678325456,-0.09600820866652768,-0.001968432559932109,0.009377881027091313,-0.000743803791755135,-0.1392621844176974,-1.8479055065133663e-05,0.05708036903061741
27,-14.971651350294863,-0.02566464664445363,-0.09983700779772059,-0.0020400112145206443,0.009749038902689869,-0.0007545026954967498,-0.09137151738558379,-1.897189462312282e-05,0.03323755210545651
28,-14.733535534661957,-0.026465346725238408,-0.10417203593172822,-0.0021203406249673653,0.010162639139447349,-0.0007662143639644769,-0.05980853801039356,-1.9519138340254427e-05,0.018763083524853764
29,-14.478593550961612,-0.027356634817793556,-0.10906098898715477,-0.002210031529542609,0.010620564076047324,-0.0007789439785609605,-0.039204174892989385,-2.012330666193613e-05,0.01014873970664637
30,-14.20752417745035,-0.02834469923354165,-0.1145586116702563,-0.0023097521944486993,0.011124676745297758,-0.0007926947917322924,-0.025820601742326817,-2.0787128949511133e-05,0.0051036002554627315
31,-13.921070396439164,-0.029436369044704577,-0.12072771205709384,-0.0024202275134061623,0.01167678556674657,-0.0008074674821204014,-0.017154790459575155,-2.1513538768904103e-05,0.0021967723479624592
32,-13.620017357830648,-0.03063914283496479,-0.12764040472519583,-0.002542236927281978,0.012278621286417327,-0.0008232594376341722,-0.011561496369341345,-2.2305667064223924e-05,0.0005571938761620006
33,-13.305190227077686,-0.031961215986155964,-0.135379639327489,-0.002676610874211909,0.012931836175099552,-0.0008400639661634309,-0.007967602596109563,-2.3166832817711917e-05,-0.000337687830829729
34,-12.977451923462308,-0.03341150555532374,-0.14404108015746128,-0.0028242254759228503,0.01363803728544726,-0.0008578694357815996,-0.005674451000256474,-2.4100530774980035e-05,-0.0007987748815073227
35,-12.637700754893913,-0.03499967176130548,-0.15373540504735372,-0.0029859951852738544,0.01439886524802781,-0.0008766583490283529,-0.004226654784291659,-2.511041579360271e-05,-0.0010101400751901528
36,-12.286867955709731,-0.036736135130735204,-0.1645910813673625,-0.003162863174641259,0.015216125269845258,-0.0008964063593045795,-0.003326687953412528,-2.6200283356799226e-05,-0.0010803626212834005
37,-11.92591513422624,-0.03863208847779824,-0.17675764043747894,-0.003355789347941385,0.01609196397756465,-0.0009170812416032641,-0.0027796917599818985,-2.737404578012977e-05,-0.0010732166610265168
38,-11.555831637037603,-0.040699503139875665,-0.19040938965995488,-0.003565736025480968,0.017029059200003145,-0.0009386418347715065,-0.0024578435876772844,-2.8635703626349093e-05,-0.001025914008852229
39,-11.177631837285423,-0.04295112929025797,-0.20574934505506587,-0.003793651594835788,0.018030742738571918,-0.0009610369782445813,-0.00227729372918516,-2.9989311828979288e-05,-0.0009599301917406463
40,-10.792352354332477,-0.04540049071860995,-0.22301289571039068,-0.004040452754166298,0.019100900637376933,-0.0009842044726534479,-0.002183167023500193,-3.1438940007282265e-05,-0.0008874319725874494
41,-10.401049212461091,-0.048061875210645214,-0.24247027680438332,-0.004307006401597108,0.020243384505465367,-0.0010080701007554422,-0.002139753201408477,-3.298862642693565e-05,-0.0008150985267221252
42,-10.004794946383985,-0.05095032253932113,-0.2644262804884636,-0.004594112738263823,0.021460520140416647,-0.001032546752563754,-0.00212405159753915,-3.4642325016274024e-05,-0.0007463959913730101
43,-9.604675661501183,-0.0540816130205902,-0.2892147514712028,-0.004902491727540342,0.022750131191979044,-0.0010575337060410247,-0.0021214976391992976,-3.640384478747031e-05,-0.0006829318433250205
44,-9.201788056960595,-0.05747226043886514,-0.31718435628745023,-0.005232775637451765,0.024100354873553546,-0.001082916121849615,-0.0021231181095747657,-3.827678092157651e-05,-0.0006252602154885813
45,-8.797236419681894,-0.06113951367519593,-0.34867112316292154,-0.005585510904193557,0.025481522594341832,-0.0011085648168662982,-0.0021236287318850628,-4.0264436664839086e-05,-0.0005733587523867264
46,-8.407720543643501,-0.06494318757133463,-0.3825221346029464,-0.005946282615446515,0.02678420740330479,-0.0011333439251526964,-0.0021203845654444876,-4.2286485707276856e-05,-0.0005286010833938678
47,-8.039476373556905,-0.06880920017098432,-0.4179211998249583,-0.006307615882861987,0.027912632789033193,-0.0011567752764897635,-0.0021128297259046056,-4.430245552544096e-05,-0.0004905191428493066
48,-7.688101876128963,-0.07276656726827492,-0.45485011692409316,-0.00667196562726167,0.028788620209347505,-0.0011790687188337483,-0.0021012172568565034,-4.632693070638995e-05,-0.00045760919957902566
49,-7.364273387659948,-0.07666792079235811,-0.49153912468926697,-0.007025851623238002,0.029296513744411088,-0.001199494612800144,-0.0020867296601857284,-4.8285505587430174e-05,-0.0004299315741892813
50,-7.077830272906871,-0.08034065960267359,-0.5259411587106069,-0.007354399866678709,0.02938452235563955,-0.0012174135778423218,-0.002071028791393204,-5.0096642204586916e-05,-0.0004073588935507048
51,-6.837475960964291,-0.08359654142526282,-0.5573830492439884,-0.007642131772767565,0.030136565182282374,-0.001232303993827665,-0.0020558976053057496,-5.1676448795887326e-05,-0.00038967790801234473
52,-6.650513495975436,-0.08624696261983293,-0.6638111262895914,-0.007874054804570742,0.09617030461987093,-0.0012437732266103803,-0.002042975781289814,-5.2944983903082224e-05,-0.00037665938973123806
53,-6.522623637831419,-0.08812274722291907,-1.7792609450363794,-0.00803701421914536,1.0171013194180771,-0.0012515523265382356,-0.00203359083659812,-5.3833430701452054e-05,-0.00036810268929666806
54,-6.457692255156555,-0.0890954115956488,-2.766424567452424,-0.008121146553354273,1.8500818503145435,-0.0012554792136606954,-0.002028663808430014,-5.429110990914358e-05,-0.0003638622913649128
55,-6.367404343287619,-0.09047132783061582,7.727307547568159,-0.008239744884342369,-7.486830822421087,-0.001260912455564,-0.0020216375767014676,-5.493504847906385e-05,-0.0003580788007220067
56,-6.219542711932519,-0.09278539807054323,13.633213881253813,-0.008438160466101437,-13.718063854945814,-0.0012697371538952203,-0.0020097081243656808,-5.6008910452187894e-05,-0.0003488817663716905
57,-6.071681080577417,-0.095178184453785,16.26043940297234,-0.008642024446670254,-17.582426998420633,-0.0012784629049046527,-0.0019972808658470665,-5.710737127252117e-05,-0.00034001164057347413
58,-5.923819449222313,-0.09765366863708641,16.572467118052327,-0.008851646299284104,-19.54537190337996,-0.0012870799670026802,-0.00198438688081923,-5.823117958553887e-05,-0.000331453286769459
59,-5.77595781786721,-0.10021613374006447,15.639749079988306,-0.00906737085573188,-20.377177841676648,-0.0012955781182098186,-0.0019710568414491496,-5.938111592610298e-05,-0.0003231923736821435
60,-5.628096186512106,-0.10287019319571009,14.67527483405874,-0.009289582614800472,-21.34994541059639,-0.0013039466346170007,-0.001957320857222859,-6.055799443713699e-05,-0.00031521533550711404
61,-5.480234555157004,-0.10562082265058248,13.242201462689204,-0.009518710536784025,-21.834026462384212,-0.0013121742678676278,-0.0019432083511612295,-6.176266469158759e-05,-0.00030750933268121236
62,-5.3323729238019,-0.10847339525541655,11.487629824208762,-0.009755233376550154,-21.88522357422806,-0.0013202492216131518,-0.0019287479625770749,-6.299601362324761e-05,-0.00030006221356136843
63,-5.184511292446798,-0.1114337207268338,9.716936878434122,-0.009999685613338805,-21.911012091357335,-0.0013281591268931962,-0.001913967472244093,-6.425896757357213e-05,-0.00029286247726409295
64,-5.036649661091694,-0.11450808860564815,8.347902006880918,-0.010252664041751982,-22.93747960873072,-0.0013358910163869546,-0.0018988937464615987,-6.555249446226898e-05,-0.00028589923784119866
65,-4.888788029736592,-0.11770331618745754,6.431329695443651,-0.010514835095317462,-22.7456385493811,-0.001343431297481175,-0.00188355269701625,-6.68776060876953e-05,-0.0002791621899039839
66,-4.740926398381488,-0.12102680165741098,4.929366566367941,-0.01078694298163023,-24.135020656984512,-0.001350765724096065,-0.0018679692544850124,-6.82353605668141e-05,-0.0002726415757711533
67,-4.5930647670263856,-0.12448658302387931,-0.9153912771567895,-0.011069818716392274,0.3762430644153325,-0.001357879367207761,-0.0018521673526989049,-6.962686492257914e-05,-0.00026632815417251886
68,-4.445203135671282,-0.12809140351592407,-0.8683161253129158,-0.011364390152710065,0.004307734377266094,-0.0013647565840028309,-0.0018361699225068063,-7.105327782731493e-05,-0.00026021317051851567
69,-4.297341504316179,-0.1318507841876214,-0.8778066034078342,-0.011671693111735805,-4.63393429531167e-15,-0.0013713809855962478,-0.0018199988932538415,-7.251581251330468e-05,-0.0002542883287205345
70,-4.149479872961075,-0.13577510455915484,-0.8856127028789244,-0.01199288373109923,-0.004514090725286359,-0.0013777354032412043,-0.001803675200618797,-7.401573985916076e-05,-0.0002485457645341519
71,-4.001618241605973,-0.13987569222075577,-0.7887379891778236,-0.012329252158411986,0.654253275741078,-0.0013838018529545415,-0.0017872187996591624,-7.55543916642445e-05,-0.0002429780203831257
72,-3.85375661025087,-0.14416492243157508,4.875125347189177,-0.012682237728247728,24.12299896460759,-0.0013895614984780645,-0.0017706486820783828,-7.713316412143658e-05,-0.00023757802161570796
73,-3.705894978895767,-0.1486563288617299,6.360271241309595,-0.013053445772034537,22.73353190965832,-0.0013949946124911239,-0.0017539828968797233,-7.875352150237564e-05,-0.00023233905413610746
74,-3.5580333475406647,-0.15336472675214854,8.268580938892399,-0.013444666220706857,22.9462998502305,-0.00140008053598523,-0.001737238573693494,-8.041700006601192e-05,-0.00022725474335438751
75,-3.4101717161855616,-0.15830634990296888,9.621027841446523,-0.01385789416902295,21.912820906280515,-0.0014047976357068853,-0.001720431948174805,-8.212521220605873e-05,-0.00022231903439090954
76,-3.2623100848304594,-0.1634990030460503,11.372778487680955,-0.014295352576999753,21.873469470084657,-0.001409123259569406,-0.0017035783889574716,-8.387985085186797e-05,-0.00021752617347402532
77,-3.1144484534753563,-0.168962231308523,13.112872331644963,-0.014759517286440121,21.817264869327573,-0.0014130336899285578,-0.0016866924257314196,-8.56826941364272e-05,-0.00021287069046908668
78,-2.966586822120254,-0.17471750862872815,14.522767108764542,-0.015253144526854128,21.31517443222022,-0.0014165040946119898,-0.0016697877780772726,-8.753561035127441e-05,-0.00020834738247630123
79,-2.818725190765151,-0.1807884471379664,15.494443313659708,-0.015779301072214667,20.363411368873457,-0.0014195084755852258,-0.0016528773847506706,-8.944056320285184e-05,-0.00020395129843853301
80,-2.6708635594100487,-0.18720102966298668,16.419057689910783,-0.01634139718389685,19.53161565406484,-0.001422019615131166,-0.0016359734331577562,-9.139961739039878e-05,-0.00019967772470005243
81,-2.5230019280549456,-0.19398386762328138,16.15315340210364,-0.016943222430289173,17.617331091691874,-0.0014240090194128962,-0.0016190873888074454,-9.341494452517159e-05,-0.00019552217146030597
82,-2.3751402966998434,-0.201168486677082,13.588803917687695,-0.01758898440251925,13.80184227020344,-0.0014254468592822583,-0.0016022300245607435,-9.548882941113876e-05,-0.00019148036006857264
83,-2.2272786653447403,-0.20878964248679543,7.837290103094824,-0.018283350238543616,7.68458623769632,-0.0014263019081892966,-0.0015854114495317453,-9.762367670990561e-05,-0.00018754821110889144
84,-2.1369907534758017,-0.21367421321961053,2.0253277946167674,-0.018733437857990993,2.391082853891892,-0.001426523513038011,-0.0015751647721368868,-9.89583221032855e-05,-0.0001851993982828302
85,-2.072059370800938,-0.21730167064299738,0.06633119191669447,-0.019070222661730814,0.6553797750541575,-0.001426536718816151,-0.001567808060308649,-9.993311383339148e-05,-0.00018353412645021738
86,-1.9441695126569205,-0.22474275847008215,-0.6758858904448037,-0.019767752446460427,-0.0020712878529308212,-0.0014261925639587065,-0.0015533513212318533,-0.00010189068395965529,-0.0001803113428050428
87,-1.7572070476680652,-0.23638320785494926,-0.7045644288317036,-0.020876511780324666,-0.05015481910628217,-0.001424764177808712,-0.0015323055529743437,-0.0001048454961350235,-0.00017573234701659117
88,-1.5168527357254862,-0.2528330641206997,-0.666596170442181,-0.022478208506357882,-0.051692532409828566,-0.0014212020255159573,-0.0015054265343606866,-0.00010881526795413968,-0.00017006685586458783
89,-1.2304096209724082,-0.2749566251620127,-0.6182247840008019,-0.02469126167812429,-0.0514790917657028,-0.0014141964168628003,-0.0014736914415324099,-0.00011381563951468594,-0.00016362244075667162
90,-0.9065811325033937,-0.3038923815996198,-0.562442979796457,-0.027673748044958184,-0.049700539625053976,-0.0014022809833988896,-0.0014382571271650527,-0.00011985219385832917,-0.00015671436028178253
91,-0.5552066350754515,-0.34103099486539423,-0.5028633913327717,-0.03161683827264898,-0.04642389187082597,-0.001383988590184639,-0.0014004007942225846,-0.00012690926954535907,-0.0001496404125224666
92,-0.18696246498885524,-0.3878939152358431,-0.4436670947548228,-0.036716594233869734,-0.04210296580945589,-0.0013580654588009162,-0.0013614494373006575,-0.00013493524614984186,-0.0001426633741817971
93,0.18696246498885524,-0.4436670947548228,-0.3878939152358431,-0.04210296580945589,-0.036716594233869734,-0.0013614494373006575,-0.0013580654588009162,-0.0001426633741817971,-0.00013493524614984186
94,0.5552066350754515,-0.5028633913327717,-0.34103099486539423,-0.04642389187082597,-0.03161683827264898,-0.0014004007942225846,-0.001383988590184639,-0.0001496404125224666,-0.00012690926954535907
95,0.9065811325033937,-0.562442979796457,-0.3038923815996198,-0.049700539625053976,-0.027673748044958184,-0.0014382571271650527,-0.0014022809833988896,-0.00015671436028178253,-0.00011985219385832917
96,1.2304096209724082,-0.6182247840008019,-0.2749566251620127,-0.0514790917657028,-0.02469126167812429,-0.0014736914415324099,-0.0014141964168628003,-0.00016362244075667162,-0.00011381563951468594
97,1.5168527357254862,-0.666596170442181,-0.2528330641206997,-0.051692532409828566,-0.022478208506357882,-0.0015054265343606866,-0.0014212020255159573,-0.00017006685586458783,-0.00010881526795413968
98,1.7572070476680652,-0.7045644288317036,-0.23638320785494926,-0.05015481910628217,-0.020876511780324666,-0.0015323055529743437,-0.001424764177808712,-0.00017573234701659117,-0.0001048454961350235
99,1.9441695126569205,-0.6758858904448037,-0.22474275847008215,-0.0020712878529308212,-0.019767752446460427,-0.0015533513212318533,-0.0014261925639587065,-0.0001803113428050428,-0.00010189068395965529
100,2.072059370800938,0.06633119191669447,-0.21730167064299738,0.6553797750541575,-0.019070222661730814,-0.001567808060308649,-0.001426536718816151,-0.00018353412645021738,-9.993311383339148e-05
101,2.1369907534758017,2.0253277946167674,-0.21367421321961053,2.391082853891892,-0.018733437857990993,-0.0015751647721368868,-0.001426523513038011,-0.0001851993982828302,-9.89583221032855e-05
102,2.2272786653447403,7.837290103094824,-0.20878964248679543,7.68458623769632,-0.018283350238543616,-0.0015854114495317453,-0.0014263019081892966,-0.00018754821110889144,-9.762367670990561e-05
103,2.3751402966998434,13.588803917687695,-0.201168486677082,13.80184227020344,-0.01758898440251925,-0.0016022300245607435,-0.0014254468592822583,-0.00019148036006857264,-9.548882941113876e-05
104,2.5230019280549456,16.15315340210364,-0.19398386762328138,17.617331091691874,-0.016943222430289173,-0.0016190873888074454,-0.0014240090194128962,-0.00019552217146030597,-9.341494452517159e-05
105,2.6708635594100487,16.419057689910783,-0.18720102966298668,19.53161565406484,-0.01634139718389685,-0.0016359734331577562,-0.001422019615131166,-0.00019967772470005243,-9.139961739039878e-05
106,2.818725190765151,15.494443313659708,-0.1807884471379664,20.363411368873457,-0.015779301072214667,-0.0016528773847506706,-0.0014195084755852258,-0.00020395129843853301,-8.944056320285184e-05
107,2.966586822120254,14.522767108764542,-0.17471750862872815,21.31517443222022,-0.015253144526854128,-0.0016697877780772726,-0.0014165040946119898,-0.00020834738247630123,-8.753561035127441e-05
108,3.1144484534753563,13.112872331644963,-0.168962231308523,21.817264869327573,-0.014759517286440121,-0.0016866924257314196,-0.0014130336899285578,-0.00021287069046908668,-8.56826941364272e-05
109,3.2623100848304594,11.372778487680955,-0.1634990030460503,21.873469470084657,-0.014295352576999753,-0.0017035783889574716,-0.001409123259569406,-0.00021752617347402532,-8.387985085186797e-05
110,3.4101717161855616,9.621027841446523,-0.15830634990296888,21.912820906280515,-0.01385789416902295,-0.001720431948174805,-0.0014047976357068853,-0.00022231903439090954,-8.212521220605873e-05
111,3.5580333475406647,8.268580938892399,-0.15336472675214854,22.9462998502305,-0.013444666220706857,-0.001737238573693494,-0.00140008053598523,-0.00022725474335438751,-8.041700006601192e-05
112,3.705894978895767,6.360271241309595,-0.1486563288617299,22.73353190965832,-0.013053445772034537,-0.0017539828968797233,-0.0013949946124911239,-0.00023233905413610746,-7.875352150237564e-05
113,3.85375661025087,4.875125347189177,-0.14416492243157508,24.12299896460759,-0.012682237728247728,-0.0017706486820783828,-0.0013895614984780645,-0.00023757802161570796,-7.713316412143658e-05
114,4.001618241605973,-0.7887379891778236,-0.13987569222075577,0.654253275741078,-0.012329252158411986,-0.0017872187996591624,-0.0013838018529545415,-0.0002429780203831257,-7.55543916642445e-05
115,4.149479872961075,-0.8856127028789244,-0.13577510455915484,-0.004514090725286359,-0.01199288373109923,-0.001803675200618797,-0.0013777354032412043,-0.0002485457645341519,-7.401573985916076e-05
116,4.297341504316179,-0.8778066034078342,-0.1318507841876214,-4.63393429531167e-15,-0.011671693111735805,-0.0018199988932538415,-0.0013713809855962478,-0.0002542883287205345,-7.251581251330468e-05
117,4.445203135671282,-0.8683161253129158,-0.12809140351592407,0.004307734377266094,-0.011364390152710065,-0.0018361699225068063,-0.0013647565840028309,-0.00026021317051851567,-7.105327782731493e-05
118,4.5930647670263856,-0.9153912771567895,-0.12448658302387931,0.3762430644153325,-0.011069818716392274,-0.0018521673526989049,-0.001357879367207761,-0.00026632815417251886,-6.962686492257914e-05
119,4.740926398381488,4.929366566367941,-0.12102680165741098,-24.135020656984512,-0.01078694298163023,-0.0018679692544850124,-0.001350765724096065,-0.0002726415757711533,-6.82353605668141e-05
120,4.888788029736592,6.431329695443651,-0.11770331618745754,-22.7456385493811,-0.010514835095317462,-0.00188355269701625,-0.001343431297481175,-0.0002791621899039839,-6.68776060876953e-05
121,5.036649661091694,8.347902006880918,-0.11450808860564815,-22.93747960873072,-0.010252664041751982,-0.0018988937464615987,-0.0013358910163869546,-0.00028589923784119866,-6.555249446226898e-05
122,5.184511292446798,9.716936878434122,-0.1114337207268338,-21.911012091357335,-0.009999685613338805,-0.001913967472244093,-0.0013281591268931962,-0.00029286247726409295,-6.425896757357213e-05
123,5.3323729238019,11.487629824208762,-0.10847339525541655,-21.88522357422806,-0.009755233376550154,-0.0019287479625770749,-0.0013202492216131518,-0.00030006221356136843,-6.299601362324761e-05
124,5.480234555157004,13.242201462689204,-0.10562082265058248,-21.834026462384212,-0.009518710536784025,-0.0019432083511612295,-0.0013121742678676278,-0.00030750933268121236,-6.176266469158759e-05
125,5.628096186512106,14.67527483405874,-0.10287019319571009,-21.34994541059639,-0.009289582614800472,-0.001957320857222859,-0.0013039466346170007,-0.00031521533550711404,-6.055799443713699e-05
126,5.77595781786721,15.639749079988306,-0.10021613374006447,-20.377177841676648,-0.00906737085573188,-0.0019710568414491496,-0.0012955781182098186,-0.0003231923736821435,-5.938111592610298e-05
127,5.923819449222313,16.572467118052327,-0.09765366863708641,-19.54537190337996,-0.008851646299284104,-0.00198438688081923,-0.0012870799670026802,-0.000331453286769459,-5.823117958553887e-05
128,6.071681080577417,16.26043940297234,-0.095178184453785,-17.582426998420633,-0.008642024446670254,-0.0019972808658470665,-0.0012784629049046527,-0.00034001164057347413,-5.710737127252117e-05
129,6.219542711932519,13.633213881253813,-0.09278539807054323,-13.718063854945814,-0.008438160466101437,-0.0020097081243656808,-0.0012697371538952203,-0.0003488817663716905,-5.6008910452187894e-05
130,6.367404343287619,7.727307547568159,-0.09047132783061582,-7.486830822421087,-0.008239744884342369,-0.0020216375767014676,-0.001260912455564,-0.0003580788007220067,-5.493504847906385e-05
131,6.457692255156555,-2.766424567452424,-0.0890954115956488,1.8500818503145435,-0.008121146553354273,-0.002028663808430014,-0.0012554792136606954,-0.0003638622913649128,-5.429110990914358e-05
132,6.522623637831419,-1.7792609450363794,-0.08812274722291907,1.0171013194180771,-0.00803701421914536,-0.00203359083659812,-0.0012515523265382356,-0.00036810268929666806,-5.3833430701452054e-05
133,6.650513495975436,-0.6638111262895914,-0.08624696261983293,0.09617030461987093,-0.007874054804570742,-0.002042975781289814,-0.0012437732266103803,-0.00037665938973123806,-5.2944983903082224e-05
134,6.837475960964291,-0.5573830492439884,-0.08359654142526282,0.030136565182282374,-0.007642131772767565,-0.0020558976053057496,-0.001232303993827665,-0.00038967790801234473,-5.1676448795887326e-05
135,7.077830272906871,-0.5259411587106069,-0.08034065960267359,0.02938452235563955,-0.007354399866678709,-0.002071028791393204,-0.0012174135778423218,-0.0004073588935507048,-5.0096642204586916e-05
136,7.364273387659948,-0.49153912468926697,-0.07666792079235811,0.029296513744411088,-0.007025851623238002,-0.0020867296601857284,-0.001199494612800144,-0.0004299315741892813,-4.8285505587430174e-05
137,7.688101876128963,-0.45485011692409316,-0.07276656726827492,0.028788620209347505,-0.00667196562726167,-0.0021012172568565034,-0.0011790687188337483,-0.00045760919957902566,-4.632693070638995e-05
138,8.039476373556905,-0.4179211998249583,-0.06880920017098432,0.027912632789033193,-0.006307615882861987,-0.0021128297259046056,-0.0011567752764897635,-0.0004905191428493066,-4.430245552544096e-05
139,8.407720543643501,-0.3825221346029464,-0.06494318757133463,0.02678420740330479,-0.005946282615446515,-0.0021203845654444876,-0.0011333439251526964,-0.0005286010833938678,-4.2286485707276856e-05
140,8.797236419681894,-0.34867112316292154,-0.06113951367519593,0.025481522594341832,-0.005585510904193557,-0.0021236287318850628,-0.0011085648168662982,-0.0005733587523867264,-4.0264436664839086e-05
141,9.201788056960595,-0.31718435628745023,-0.05747226043886514,0.024100354873553546,-0.005232775637451765,-0.0021231181095747657,-0.001082916121849615,-0.0006252602154885813,-3.827678092157651e-05
142,9.604675661501183,-0.2892147514712028,-0.0540816130205902,0.022750131191979044,-0.004902491727540342,-0.0021214976391992976,-0.0010575337060410247,-0.0006829318433250205,-3.640384478747031e-05
143,10.004794946383985,-0.2644262804884636,-0.05095032253932113,0.021460520140416647,-0.004594112738263823,-0.00212405159753915,-0.001032546752563754,-0.0007463959913730101,-3.4642325016274024e-05
144,10.401049212461091,-0.24247027680438332,-0.048061875210645214,0.020243384505465367,-0.004307006401597108,-0.002139753201408477,-0.0010080701007554422,-0.0008150985267221252,-3.298862642693565e-05
145,10.792352354332477,-0.22301289571039068,-0.04540049071860995,0.019100900637376933,-0.004040452754166298,-0.002183167023500193,-0.0009842044726534479,-0.0008874319725874494,-3.1438940007282265e-05
146,11.177631837285423,-0.20574934505506587,-0.04295112929025797,0.018030742738571918,-0.003793651594835788,-0.00227729372918516,-0.0009610369782445813,-0.0009599301917406463,-2.9989311828979288e-05
147,11.555831637037603,-0.19040938965995488,-0.040699503139875665,0.017029059200003145,-0.003565736025480968,-0.0024578435876772844,-0.0009386418347715065,-0.001025914008852229,-2.8635703626349093e-05
148,11.92591513422624,-0.17675764043747894,-0.03863208847779824,0.01609196397756465,-0.003355789347941385,-0.0027796917599818985,-0.0009170812416032641,-0.0010732166610265168,-2.737404578012977e-05
149,12.286867955709731,-0.1645910813673625,-0.036736135130735204,0.015216125269845258,-0.003162863174641259,-0.003326687953412528,-0.0008964063593045795,-0.0010803626212834005,-2.6200283356799226e-05
150,12.637700754893913,-0.15373540504735372,-0.03499967176130548,0.01439886524802781,-0.0029859951852738544,-0.004226654784291659,-0.0008766583490283529,-0.0010101400751901528,-2.511041579360271e-05
151,12.977451923462308,-0.14404108015746128,-0.03341150555532374,0.01363803728544726,-0.0028242254759228503,-0.005674451000256474,-0.0008578694357815996,-0.0007987748815073227,-2.4100530774980035e-05
152,13.305190227077686,-0.135379639327489,-0.031961215986155964,0.012931836175099552,-0.002676610874211909,-0.007967602596109563,-0.0008400639661634309,-0.000337687830829729,-2.3166832817711917e-05
153,13.620017357830648,-0.12764040472519583,-0.03063914283496479,0.012278621286417327,-0.002542236927281978,-0.011561496369341345,-0.0008232594376341722,0.0005571938761620006,-2.2305667064223924e-05
154,13.921070396439164,-0.12072771205709384,-0.029436369044704577,0.01167678556674657,-0.0024202275134061623,-0.017154790459575155,-0.0008074674821204014,0.0021967723479624592,-2.1513538768904103e-05
155,14.20752417745035,-0.1145586116702563,-0.02834469923354165,0.011124676745297758,-0.0023097521944486993,-0.025820601742326817,-0.0007926947917322924,0.0051036002554627315,-2.0787128949511133e-05
156,14.478593550961612,-0.10906098898715477,-0.027356634817793556,0.010620564076047324,-0.002210031529542609,-0.039204174892989385,-0.0007789439785609605,0.01014873970664637,-2.012330666193613e-05
157,14.733535534661957,-0.10417203593172822,-0.026465346725238408,0.010162639139447349,-0.0021203406249673653,-0.05980853801039356,-0.0007662143639644769,0.018763083524853764,-1.9519138340254427e-05
158,14.971651350294863,-0.09983700779772059,-0.02566464664445363,0.009749038902689869,-0.0020400112145206443,-0.09137151738558379,-0.0007545026954967498,0.03323755210545651,-1.897189462312282e-05
159,15.192288338960907,-0.09600820866652768,-0.024948957678325456,0.009377881027091313,-0.001968432559932109,-0.1392621844176974,-0.000743803791755135,0.05708036903061741,-1.8479055065133663e-05
160,15.394841750010443,-0.09264415880597925,-0.024313285168847273,0.009047303894083083,-0.001905051440977972,-0.2106136352028026,-0.0007341111169963535,0.09526258917550881,-1.8038311103951722e-05
161,15.578756398623101,-0.08970890734511833,-0.023753188349911667,0.008755506244376633,-0.0018493714766412714,-0.31347667453401673,-0.0007254172884747906,0.15389801594554636,-1.7647567626104752e-05
162,15.743528187530783,-0.08717146201390587,-0.023264753374940928,0.008500783349931684,-0.0018009519867578953,-0.4538209602085244,-0.0007177145201686887,0.23856924179587496,-1.730494344327736e-05
163,15.88870548871324,-0.08500531462222899,-0.02284456816338515,0.008281558167822951,-0.0017594065713566814,-0.629921448724094,-0.0007109950069455321,0.35076610554335225,-1.700877095963949e-05
164,16.013890381279083,-0.08318804632436767,-0.02248969941814171,0.008096406985651228,-0.0017244015543832847,-0.8273385986820705,-0.000705251253342549,0.4838198280028366,-1.6757595278079673e-05
165,16.118739742139283,-0.08170100080555225,-0.022197672086596766,0.007944079739342951,-0.0016956544108645158,-1.0213744139636356,-0.0007004763510534227,0.6223487072919189,-1.6550172963763215e-05
166,16.202966186483707,-0.08052901660080572,-0.021966451471604972,0.007823515558114903,-0.0016729322722995059,-1.185297249638345,-0.0006966642089656407,0.7499228411964269,-1.6385470650166063e-05
167,16.26633885548293,-0.07966021205817875,-0.021794428144689588,0.007733854252569841,-0.0016560505842500666,-1.1810748643495446,-0.0006938097392212333,0.9530403360148111,-1.6262663646082886e-05
168,16.308684049056186,-0.07908581819487835,-0.021680405770819144,0.007674444479125308,-0.0016448719725007809,-0.11164512980037375,-0.0006919090023090944,1.9803768044336916,-1.6181134669838703e-05
169,16.32988570197128,-0.07880005602921811,-0.021623591920687572,0.0076448492389834775,-0.0016393053593807198,1.9373940674818602,-0.0006909593136636877,3.817171264534067,-1.6140472814016195e-05
170,16.360713483690507,-0.07838671187533439,-0.02154130930351901,0.00760199560004993,-0.001631247305423621,6.8525990670476205,-0.0006895808002066638,8.481555093564772,-1.6081537368993884e-05
171,16.41176095165834,-0.0777078483566107,-0.021405903296159094,0.007531498923941762,-0.0016179971779705887,12.235555576099106,-0.000687304273632193,14.258081789662544,-1.598443433523274e-05
172,16.462808419626175,-0.07703588550025686,-0.02127154296323094,0.007461579254280257,-0.0016048623111136616,14.912476591248248,-0.0006850353957669239,18.074485563317367,-1.5887935884851352e-05
173,16.51385588759401,-0.07637074434962658,-0.021138219027835754,0.007392234284486593,-0.0015918417006904795,15.567140236300823,-0.0006827741541550361,20.24838938707104,-1.5792037973961114e-05
174,16.564903355561842,-0.07571234700805107,-0.02100592230389049,0.007323461664020226,-0.0015789343501559953,14.90371874062178,-0.0006805205361106249,21.212963262379944,-1.569673658859806e-05
175,16.615950823529676,-0.07506061661966615,-0.020874643695156715,0.007255258999218012,-0.0015661392705556205,13.965556836375962,-0.0006782745287225978,21.97110394333587,-1.5602027744736607e-05
176,16.66699829149751,-0.07441547735073359,-0.020744374194281382,0.007187623854160099,-0.0015534554804998368,12.95034479702245,-0.0006760361188595846,22.7289268133133,-1.5507907487710085e-05
177,16.718045759465344,-0.07377685437144171,-0.020615104881849224,0.00712055375156529,-0.0015408820061361633,11.498471814306175,-0.0006738052931747743,22.92184256718904,-1.5414371892139342e-05
178,16.769093227433178,-0.07314467383817,-0.020486826925446917,0.007054046173709581,-0.0015284178811211548,9.87889407703555,-0.000671582038110624,22.823446555390614,-1.5321417061632786e-05
179,16.82014069540101,-0.07251886287620368,-0.020359531578738595,0.00698809856336778,-0.0015160621465923024,8.316728175624553,-0.0006693663399035018,22.79225937268415,-1.5229039128425053e-05
180,16.871188163368846,-0.07189934956288457,-0.02023321018055239,0.006922708324774432,-0.0015038138511387982,7.139125594919108,-0.0006671581845883301,23.71715315870012,-1.5137234253304902e-05
181,16.92223563133668,-0.07128606291118487,-0.020107854153978297,0.006857872824603288,-0.0014916720507714538,5.377227593953162,-0.0006649575580030942,23.25409159522817,-1.5045998625194142e-05
182,16.973283099304513,-0.07067893285369038,-0.019983455005476713,0.006793589392963517,-0.0014796358088927245,4.03541255797516,-0.0006627644457932667,24.22156782154932,-1.4955328461087264e-05
183,17.024330567272347,-0.07007789022698062,-0.019860004323997465,0.006729855324406991,-0.001467704196265616,2.3087255796900257,-0.0006605788334162342,23.860597281273186,-1.4865220005591152e-05
184,17.07537803524018,-0.0694828667563945,-0.01973749378010985,0.006666667878951323,-0.0014558762909825324,-1.903467683810638,-0.0006584007061455372,0.21820791301733525,-1.4775669530887007e-05
185,17.126425503208008,-0.06889379504116815,-0.019615915125142613,0.006604024283110819,-0.001444151178432793,-1.8810306896221045,-0.000656230049075227,0.07067607752776431,-1.4686673336334597e-05
