-1.4251126153846154
0.02209476923076914
0.022094769230769362
0.022094769230769362
0.02209476923076925
0.02209476923076914
0.02209476923076914
0.02209476923076925
0.02209476923076925
0.02209476923076914
0.02209476923076914
0.022094769230769362
0.022094769230769362
0.02209476923076925
0.02209476923076925
0.02209476923076914
0.02209476923076925
0.02209476923076925
0.02209476923076914
0.02209476923076925
0.022094769230769362
0.02209476923076914
0.02209476923076914
0.022094769230769307
0.02209476923076925
0.022094769230769196
0.022094769230769196
0.022094769230769307
0.02209476923076925
0.02209476923076914
0.022094769230769196
0.022094769230769307
0.022094769230769196
0.022094769230769196
0.022094769230769307
0.022094769230769196
0.022000638461538435
0.022094769230769196
0.02218890000000001
0.022094769230769307
0.02209476923076925
0.022094769230769196
0.02209476923076925
0.02209476923076925
0.022094769230769196
0.022094769230769223
0.022094769230769223
0.022094769230769223
0.022094769230769196
0.02209476923076925
0.02209476923076925
0.022094769230769223
0.02209476923076925
0.02209476923076925
0.022094769230769223
0.02209476923076921
0.02209476923076921
0.022094769230769223
0.03779997692307695
0.022094769230769237
0.00638956153846152
0.02209476923076923
0.022094769230769234
0.022094769230769223
0.022094769230769234
0.022094769230769234
0.022094769230769234
0.022094769230769223
0.022094769230769234
0.02209476923076923
0.00638956153846152
0.022094769230769237
0.03779997692307695
0.022094769230769223
0.02209476923076921
0.02209476923076921
0.022094769230769223
0.02209476923076925
0.02209476923076925
0.022094769230769223
0.02209476923076925
0.02209476923076925
0.022094769230769196
0.022094769230769223
0.022094769230769223
0.022094769230769223
0.022094769230769196
0.02209476923076925
0.02209476923076925
0.022094769230769196
0.02209476923076925
0.022094769230769307
0.02218890000000001
0.022094769230769196
0.022000638461538435
0.022094769230769196
0.022094769230769307
0.022094769230769196
0.022094769230769196
0.022094769230769307
0.022094769230769196
0.02209476923076914
0.02209476923076925
0.022094769230769307
0.022094769230769196
0.022094769230769196
0.02209476923076925
0.022094769230769307
0.02209476923076914
0.02209476923076914
0.022094769230769362
0.02209476923076925
0.02209476923076914
0.02209476923076925
0.02209476923076925
0.02209476923076914
0.02209476923076925
0.02209476923076925
0.022094769230769362
0.022094769230769362
0.02209476923076914
0.02209476923076914
0.02209476923076925
0.02209476923076925
0.02209476923076914
0.02209476923076914
0.02209476923076925
0.022094769230769362
0.022094769230769362
0.02209476923076914
