-1.4251126153846154
0.02209476923076914
0.022094769230769362
0.022094769230769362
0.02209476923076925
0.02209476923076914
0.02209476923076914
0.02209476923076925
0.02209476923076925
0.02209476923076914
0.02209476923076914
0.022094769230769362
0.022094769230769362
0.02209476923076925
0.02209476923076925
0.02209476923076914
0.02209476923076925
0.02209476923076925
0.02209476923076914
0.02209476923076925
0.022094769230769362
0.02209476923076914
0.02209476923076914
0.022094769230769307
0.02209476923076925
0.022094769230769196
0.022094769230769196
0.022094769230769307
0.02209476923076925
0.02209476923076914
0.022094769230769196
0.022094769230769307
0.021166576923076885
0.022094769230769196
0.023022961538461617
0.022094769230769196
0.022094769230769196
0.022094769230769196
0.02209476923076925
0.022094769230769307
0.02209476923076925
0.022094769230769196
0.02209476923076925
0.02209476923076925
0.022094769230769196
0.022094769230769223
0.022094769230769223
0.022094769230769223
0.022094769230769196
0.02209476923076925
0.02209476923076925
0.022094769230769223
0.02209476923076925
0.02209476923076925
0.022094769230769223
0.02209476923076921
0.02209476923076921
0.022094769230769223
0.02209476923076925
0.031776192307692366
0.022094769230769216
0.012413346153846101
0.022094769230769234
0.022094769230769223
0.022094769230769234
0.022094769230769234
0.022094769230769234
0.022094769230769223
0.022094769230769234
0.012413346153846101
0.022094769230769216
0.031776192307692366
0.02209476923076925
0.022094769230769223
0.02209476923076921
0.02209476923076921
0.022094769230769223
0.02209476923076925
0.02209476923076925
0.022094769230769223
0.02209476923076925
0.02209476923076925
0.022094769230769196
0.022094769230769223
0.022094769230769223
0.022094769230769223
0.022094769230769196
0.02209476923076925
0.02209476923076925
0.022094769230769196
0.02209476923076925
0.022094769230769307
0.02209476923076925
0.022094769230769196
0.022094769230769196
0.022094769230769196
0.023022961538461617
0.022094769230769196
0.021166576923076885
0.022094769230769307
0.022094769230769196
0.02209476923076914
0.02209476923076925
0.022094769230769307
0.022094769230769196
0.022094769230769196
0.02209476923076925
0.022094769230769307
0.02209476923076914
0.02209476923076914
0.022094769230769362
0.02209476923076925
0.02209476923076914
0.02209476923076925
0.02209476923076925
0.02209476923076914
0.02209476923076925
0.02209476923076925
0.022094769230769362
0.022094769230769362
0.02209476923076914
0.02209476923076914
0.02209476923076925
0.02209476923076925
0.02209476923076914
0.02209476923076914
0.02209476923076925
0.022094769230769362
0.022094769230769362
0.02209476923076914
