-1.4259017142857142
0.02051657142857144
0.02051657142857144
0.02051657142857144
0.02051657142857144
0.02051657142857155
0.02051657142857133
0.02051657142857133
0.02051657142857144
0.02051657142857144
0.02051657142857144
0.02051657142857144
0.02051657142857155
0.02051657142857144
0.020516571428571218
0.02051657142857144
0.02051657142857155
0.02051657142857133
0.02051657142857144
0.02051657142857144
0.02051657142857144
0.02051657142857133
0.020516571428571384
0.020516571428571495
0.02051657142857144
0.02051657142857144
0.02051657142857144
0.02051657142857144
0.02051657142857133
0.02051657142857144
0.02051657142857144
0.02051657142857144
0.02051657142857144
0.02051657142857144
0.02051657142857144
0.020516571428571384
0.024045499999999997
0.020516571428571495
0.01698764285714288
0.020516571428571384
0.02051657142857144
0.02051657142857144
0.02051657142857144
0.020516571428571384
0.020516571428571384
0.020516571428571384
0.020516571428571412
0.020516571428571467
0.02051657142857144
0.02051657142857144
0.02051657142857144
0.02051657142857144
0.020516571428571412
0.02051657142857144
0.02051657142857144
0.020516571428571412
0.020516571428571412
0.020516571428571384
0.020516571428571426
0.020516571428571453
0.02051657142857144
0.027577357142857153
0.020516571428571426
0.013455785714285684
0.02051657142857142
0.020516571428571447
0.02051657142857142
0.020516571428571422
0.020516571428571433
0.020516571428571422
0.020516571428571422
0.020516571428571422
0.020516571428571433
0.020516571428571422
0.02051657142857142
0.020516571428571447
0.02051657142857142
0.013455785714285684
0.020516571428571426
0.027577357142857153
0.02051657142857144
0.020516571428571453
0.020516571428571426
0.020516571428571384
0.020516571428571412
0.020516571428571412
0.02051657142857144
0.02051657142857144
0.020516571428571412
0.02051657142857144
0.02051657142857144
0.02051657142857144
0.02051657142857144
0.020516571428571467
0.020516571428571412
0.020516571428571384
0.020516571428571384
0.020516571428571384
0.02051657142857144
0.02051657142857144
0.02051657142857144
0.020516571428571384
0.01698764285714288
0.020516571428571495
0.024045499999999997
0.020516571428571384
0.02051657142857144
0.02051657142857144
0.02051657142857144
0.02051657142857144
0.02051657142857144
0.02051657142857144
0.02051657142857133
0.02051657142857144
0.02051657142857144
0.02051657142857144
0.02051657142857144
0.020516571428571495
0.020516571428571384
0.02051657142857133
0.02051657142857144
0.02051657142857144
0.02051657142857144
0.02051657142857133
0.02051657142857155
0.02051657142857144
0.020516571428571218
0.02051657142857144
0.02051657142857155
0.02051657142857144
0.02051657142857144
0.02051657142857144
0.02051657142857144
0.02051657142857133
0.02051657142857133
0.02051657142857155
0.02051657142857144
0.02051657142857144
0.02051657142857144
0.02051657142857144
