-1.400256
0.07180799999999998
0.07180799999999998
0.07180799999999998
0.0718080000000001
0.07180799999999998
0.07180799999999993
0.07180799999999998
0.07180799999999998
0.07180800000000004
0.06559700000000007
0.07180799999999998
0.07801899999999995
0.07180799999999998
0.07180800000000001
0.07180800000000001
0.11086699999999991
0.071808
0.03274900000000008
0.071808
0.071808
0.071808
0.03274900000000008
0.071808
0.11086699999999991
0.07180800000000001
0.07180800000000001
0.07180799999999998
0.07801899999999995
0.07180799999999998
0.06559700000000007
0.07180800000000004
0.07180799999999998
0.07180799999999998
0.07180799999999993
0.07180799999999998
0.0718080000000001
0.07180799999999998
0.07180799999999998
0.07180799999999998
