-1.4251126153846154
0.02209476923076914
0.022094769230769362
0.022094769230769362
0.02209476923076925
0.02209476923076914
0.02209476923076914
0.02209476923076925
0.02209476923076925
0.02209476923076914
0.02209476923076914
0.022094769230769362
0.022094769230769362
0.02209476923076925
0.02209476923076925
0.02209476923076914
0.02209476923076925
0.02209476923076925
0.02209476923076914
0.02209476923076925
0.022094769230769362
0.02209476923076914
0.02209476923076914
0.022094769230769307
0.02209476923076925
0.022094769230769196
0.022094769230769196
0.022094769230769307
0.02209476923076925
0.02209476923076914
0.022094769230769196
0.022094769230769307
0.022094769230769196
0.022094769230769196
0.022094769230769307
0.022094769230769196
0.022010088461538402
0.022094769230769196
0.022179450000000045
0.022094769230769307
0.02209476923076925
0.022094769230769196
0.02209476923076925
0.02209476923076925
0.022094769230769196
0.022094769230769223
0.022094769230769223
0.022094769230769223
0.022094769230769196
0.02209476923076925
0.02209476923076925
0.022094769230769223
0.02209476923076925
0.02209476923076925
0.022094769230769223
0.02209476923076921
0.02209476923076921
0.022094769230769223
0.03779052692307695
0.022094769230769237
0.0063990115384615145
0.02209476923076923
0.022094769230769234
0.022094769230769223
0.022094769230769234
0.022094769230769234
0.022094769230769234
0.022094769230769223
0.022094769230769234
0.02209476923076923
0.0063990115384615145
0.022094769230769237
0.03779052692307695
0.022094769230769223
0.02209476923076921
0.02209476923076921
0.022094769230769223
0.02209476923076925
0.02209476923076925
0.022094769230769223
0.02209476923076925
0.02209476923076925
0.022094769230769196
0.022094769230769223
0.022094769230769223
0.022094769230769223
0.022094769230769196
0.02209476923076925
0.02209476923076925
0.022094769230769196
0.02209476923076925
0.022094769230769307
0.022179450000000045
0.022094769230769196
0.022010088461538402
0.022094769230769196
0.022094769230769307
0.022094769230769196
0.022094769230769196
0.022094769230769307
0.022094769230769196
0.02209476923076914
0.02209476923076925
0.022094769230769307
0.022094769230769196
0.022094769230769196
0.02209476923076925
0.022094769230769307
0.02209476923076914
0.02209476923076914
0.022094769230769362
0.02209476923076925
0.02209476923076914
0.02209476923076925
0.02209476923076925
0.02209476923076914
0.02209476923076925
0.02209476923076925
0.022094769230769362
0.022094769230769362
0.02209476923076914
0.02209476923076914
0.02209476923076925
0.02209476923076925
0.02209476923076914
0.02209476923076914
0.02209476923076925
0.022094769230769362
0.022094769230769362
0.02209476923076914
