-1.4074367999999997
0.05744640000000001
0.0574463999999999
0.05744640000000001
0.05744640000000001
0.05744640000000001
0.05744640000000012
0.05744640000000001
0.0574463999999999
0.05744639999999995
0.05744639999999995
0.05744639999999995
0.057446400000000064
0.05436010000000002
0.05744639999999995
0.06053270000000005
0.05744640000000001
0.057446399999999925
0.05744640000000001
0.05744640000000001
0.05744639999999998
0.08545749999999999
0.057446399999999995
0.029435300000000005
0.057446399999999995
0.057446399999999995
0.057446399999999995
0.029435300000000005
0.057446399999999995
0.08545749999999999
0.05744639999999998
0.05744640000000001
0.05744640000000001
0.057446399999999925
0.05744640000000001
0.06053270000000005
0.05744639999999995
0.05436010000000002
0.057446400000000064
0.05744639999999995
0.05744639999999995
0.05744639999999995
0.0574463999999999
0.05744640000000001
0.05744640000000012
0.05744640000000001
0.05744640000000001
0.05744640000000001
0.0574463999999999
0.05744640000000001
