-0.71808000
-0.70782171
-0.69756343
-0.68730514
-0.67704686
-0.66678857
-0.65653029
-0.64627200
-0.63601371
-0.62575543
-0.61549714
-0.60523886
-0.59498057
-0.58472229
-0.57446400
-0.56420571
-0.55394743
-0.54368914
-0.53343086
-0.52317257
-0.51291429
-0.50265600
-0.49239771
-0.48213943
-0.47188114
-0.46162286
-0.45136457
-0.44110629
-0.43084800
-0.42058971
-0.41033143
-0.40007314
-0.38981486
-0.37955657
-0.36929829
-0.35904000
-0.34878171
-0.33499450
-0.32826514
-0.31800686
-0.30774857
-0.29749029
-0.28723200
-0.27697371
-0.26671543
-0.25645714
-0.24619886
-0.23594057
-0.22568229
-0.21542400
-0.20516571
-0.19490743
-0.18464914
-0.17439086
-0.16413257
-0.15387429
-0.14361600
-0.13335771
-0.12309943
-0.11284114
-0.10258286
-0.09232457
-0.07500550
-0.07180800
-0.06154971
-0.05129143
-0.04103314
-0.03077486
-0.02051657
-0.01025829
0.00000000
0.01025829
0.02051657
0.03077486
0.04103314
0.05129143
0.06154971
0.07180800
0.07500550
0.09232457
0.10258286
0.11284114
0.12309943
0.13335771
0.14361600
0.15387429
0.16413257
0.17439086
0.18464914
0.19490743
0.20516571
0.21542400
0.22568229
0.23594057
0.24619886
0.25645714
0.26671543
0.27697371
0.28723200
0.29749029
0.30774857
0.31800686
0.32826514
0.33499450
0.34878171
0.35904000
0.36929829
0.37955657
0.38981486
0.40007314
0.41033143
0.42058971
0.43084800
0.44110629
0.45136457
0.46162286
0.47188114
0.48213943
0.49239771
0.50265600
0.51291429
0.52317257
0.53343086
0.54368914
0.55394743
0.56420571
0.57446400
0.58472229
0.59498057
0.60523886
0.61549714
0.62575543
0.63601371
0.64627200
0.65653029
0.66678857
0.67704686
0.68730514
0.69756343
0.70782171
0.71808000
0.1299945