-0.71808000
-0.68935680
-0.66063360
-0.63191040
-0.60318720
-0.57446400
-0.54574080
-0.51701760
-0.48829440
-0.45957120
-0.43084800
-0.40212480
-0.37340160
-0.34467840
-0.31904150
-0.28723200
-0.25850880
-0.22978560
-0.20106240
-0.17233920
-0.14361600
-0.11489280
-0.05815850
-0.05744640
-0.02872320
0.00000000
0.02872320
0.05744640
0.05815850
0.11489280
0.14361600
0.17233920
0.20106240
0.22978560
0.25850880
0.28723200
0.31904150
0.34467840
0.37340160
0.40212480
0.43084800
0.45957120
0.48829440
0.51701760
0.54574080
0.57446400
0.60318720
0.63191040
0.66063360
0.68935680
0.71808000
0.1304415