-0.71808000
-0.70703262
-0.69598523
-0.68493785
-0.67389046
-0.66284308
-0.65179569
-0.64074831
-0.62970092
-0.61865354
-0.60760615
-0.59655877
-0.58551138
-0.57446400
-0.56341662
-0.55236923
-0.54132185
-0.53027446
-0.51922708
-0.50817969
-0.49713231
-0.48608492
-0.47503754
-0.46399015
-0.45294277
-0.44189538
-0.43084800
-0.41980062
-0.40875323
-0.39770585
-0.38665846
-0.37561108
-0.36456369
-0.35444450
-0.34246892
-0.33142154
-0.32037415
-0.30932677
-0.29827938
-0.28723200
-0.27618462
-0.26513723
-0.25408985
-0.24304246
-0.23199508
-0.22094769
-0.20990031
-0.19885292
-0.18780554
-0.17675815
-0.16571077
-0.15466338
-0.14361600
-0.13256862
-0.12152123
-0.11047385
-0.09942646
-0.08837908
-0.07733169
-0.06628431
-0.04555550
-0.04418954
-0.03314215
-0.02209477
-0.01104738
0.00000000
0.01104738
0.02209477
0.03314215
0.04418954
0.04555550
0.06628431
0.07733169
0.08837908
0.09942646
0.11047385
0.12152123
0.13256862
0.14361600
0.15466338
0.16571077
0.17675815
0.18780554
0.19885292
0.20990031
0.22094769
0.23199508
0.24304246
0.25408985
0.26513723
0.27618462
0.28723200
0.29827938
0.30932677
0.32037415
0.33142154
0.34246892
0.35444450
0.36456369
0.37561108
0.38665846
0.39770585
0.40875323
0.41980062
0.43084800
0.44189538
0.45294277
0.46399015
0.47503754
0.48608492
0.49713231
0.50817969
0.51922708
0.53027446
0.54132185
0.55236923
0.56341662
0.57446400
0.58551138
0.59655877
0.60760615
0.61865354
0.62970092
0.64074831
0.65179569
0.66284308
0.67389046
0.68493785
0.69598523
0.70703262
0.71808000
0.15444450000000007