-0.71808
-0.70782
-0.69756
-0.68731
-0.67705
-0.66679
-0.65653
-0.64627
-0.63601
-0.62576
-0.61550
-0.60524
-0.59498
-0.58472
-0.57446
-0.56421
-0.55395
-0.54369
-0.53343
-0.52317
-0.51291
-0.50266
-0.49240
-0.48214
-0.47188
-0.46162
-0.45136
-0.44111
-0.43085
-0.42059
-0.41033
-0.40007
-0.38981
-0.37956
-0.36930
-0.35904
-0.34878
-0.33499
-0.32827
-0.31801
-0.30775
-0.29749
-0.28723
-0.27697
-0.26672
-0.25646
-0.24620
-0.23594
-0.22568
-0.21542
-0.20517
-0.19491
-0.18465
-0.17439
-0.16413
-0.15387
-0.14362
-0.13336
-0.12310
-0.11284
-0.10258
-0.09232
-0.07501
-0.07181
-0.06155
-0.05129
-0.04103
-0.03077
-0.02052
-0.01026
0.00000
0.01026
0.02052
0.03077
0.04103
0.05129
0.06155
0.07181
0.07501
0.09232
0.10258
0.11284
0.12310
0.13336
0.14362
0.15387
0.16413
0.17439
0.18465
0.19491
0.20517
0.21542
0.22568
0.23594
0.24620
0.25646
0.26672
0.27697
0.28723
0.29749
0.30775
0.31801
0.32827
0.33499
0.34878
0.35904
0.36930
0.37956
0.38981
0.40007
0.41033
0.42059
0.43085
0.44111
0.45136
0.46162
0.47188
0.48214
0.49240
0.50266
0.51291
0.52317
0.53343
0.54369
0.55395
0.56421
0.57446
0.58472
0.59498
0.60524
0.61550
0.62576
0.63601
0.64627
0.65653
0.66679
0.67705
0.68731
0.69756
0.70782
0.71808
