st10
1.000000 -0.006150
0.999938 -0.006138
0.999751 -0.006104
0.999439 -0.006047
0.999003 -0.005967
0.998443 -0.005864
0.997759 -0.005738
0.996950 -0.005589
0.996018 -0.005417
0.994962 -0.005221
0.993782 -0.005003
0.992480 -0.004761
0.991055 -0.004496
0.989507 -0.004207
0.987838 -0.003894
0.986046 -0.003559
0.984134 -0.003199
0.982101 -0.002815
0.979948 -0.002408
0.977675 -0.001977
0.975284 -0.001522
0.972774 -0.001043
0.970146 -0.000540
0.967400 -0.000013
0.964539 0.000538
0.961561 0.001112
0.958469 0.001711
0.955262 0.002333
0.951942 0.002978
0.948509 0.003648
0.944964 0.004340
0.941309 0.005055
0.937544 0.005793
0.933669 0.006554
0.929686 0.007336
0.925597 0.008141
0.921401 0.008967
0.917100 0.009814
0.912695 0.010682
0.908188 0.011569
0.903579 0.012477
0.898869 0.013403
0.894059 0.014348
0.889152 0.015311
0.884147 0.016291
0.879047 0.017288
0.873852 0.018300
0.868565 0.019328
0.863185 0.020370
0.857715 0.021425
0.852155 0.022494
0.846508 0.023574
0.840775 0.024666
0.834956 0.025768
0.829054 0.026879
0.823070 0.027999
0.817006 0.029127
0.810862 0.030261
0.804642 0.031402
0.798345 0.032547
0.791974 0.033696
0.785530 0.034849
0.779014 0.036004
0.772430 0.037160
0.765777 0.038316
0.759059 0.039473
0.752275 0.040627
0.745429 0.041780
0.738522 0.042930
0.731555 0.044075
0.724530 0.045216
0.717450 0.046351
0.710315 0.047480
0.703128 0.048602
0.695890 0.049715
0.688604 0.050820
0.681270 0.051915
0.673891 0.053000
0.666469 0.054074
0.659006 0.055137
0.651503 0.056187
0.643962 0.057224
0.636385 0.058247
0.628774 0.059255
0.621131 0.060249
0.613458 0.061227
0.605757 0.062189
0.598029 0.063133
0.590277 0.064060
0.582502 0.064969
0.574707 0.065860
0.566893 0.066731
0.559063 0.067582
0.551217 0.068412
0.543359 0.069222
0.535491 0.070009
0.527613 0.070775
0.519728 0.071518
0.511839 0.072237
0.503947 0.072932
0.496053 0.073603
0.488161 0.074249
0.480272 0.074868
0.472387 0.075462
0.464509 0.076028
0.456641 0.076567
0.448783 0.077078
0.440937 0.077560
0.433107 0.078013
0.425293 0.078436
0.417498 0.078829
0.409723 0.079190
0.401971 0.079520
0.394243 0.079817
0.386542 0.080082
0.378869 0.080313
0.371226 0.080511
0.363615 0.080674
0.356038 0.080803
0.348497 0.080896
0.340994 0.080953
0.333531 0.080975
0.326109 0.080959
0.318730 0.080907
0.311396 0.080818
0.304110 0.080691
0.296872 0.080526
0.289685 0.080323
0.282550 0.080082
0.275470 0.079803
0.268445 0.079485
0.261478 0.079129
0.254571 0.078734
0.247725 0.078302
0.240941 0.077830
0.234223 0.077321
0.227570 0.076774
0.220986 0.076190
0.214470 0.075568
0.208026 0.074910
0.201655 0.074215
0.195358 0.073484
0.189138 0.072718
0.182994 0.071917
0.176930 0.071083
0.170946 0.070215
0.165044 0.069314
0.159225 0.068382
0.153492 0.067419
0.147845 0.066426
0.142285 0.065404
0.136815 0.064353
0.131435 0.063276
0.126148 0.062173
0.120953 0.061045
0.115853 0.059893
0.110848 0.058718
0.105941 0.057522
0.101131 0.056305
0.096421 0.055069
0.091812 0.053814
0.087305 0.052543
0.082900 0.051255
0.078599 0.049953
0.074403 0.048637
0.070314 0.047309
0.066331 0.045969
0.062456 0.044619
0.058691 0.043259
0.055036 0.041891
0.051491 0.040515
0.048058 0.039133
0.044738 0.037745
0.041531 0.036352
0.038439 0.034955
0.035461 0.033555
0.032600 0.032153
0.029854 0.030748
0.027226 0.029342
0.024716 0.027936
0.022325 0.026528
0.020052 0.025121
0.017899 0.023715
0.015866 0.022309
0.013954 0.020904
0.012162 0.019500
0.010493 0.018098
0.008945 0.016698
0.007520 0.015299
0.006218 0.013901
0.005038 0.012506
0.003982 0.011112
0.003050 0.009719
0.002241 0.008328
0.001557 0.006938
0.000997 0.005549
0.000561 0.004161
0.000249 0.002774
0.000062 0.001387
0.000000 0.000000
0.000062 -0.000929
0.000249 -0.001856
0.000561 -0.002781
0.000997 -0.003701
0.001557 -0.004617
0.002241 -0.005526
0.003050 -0.006428
0.003982 -0.007320
0.005038 -0.008202
0.006218 -0.009073
0.007520 -0.009932
0.008945 -0.010777
0.010493 -0.011608
0.012162 -0.012423
0.013954 -0.013222
0.015866 -0.014003
0.017899 -0.014767
0.020052 -0.015511
0.022325 -0.016237
0.024716 -0.016942
0.027226 -0.017626
0.029854 -0.018289
0.032600 -0.018931
0.035461 -0.019550
0.038439 -0.020147
0.041531 -0.020722
0.044738 -0.021274
0.048058 -0.021803
0.051491 -0.022310
0.055036 -0.022793
0.058691 -0.023254
0.062456 -0.023693
0.066331 -0.024109
0.070314 -0.024502
0.074403 -0.024874
0.078599 -0.025225
0.082900 -0.025554
0.087305 -0.025863
0.091812 -0.026152
0.096421 -0.026421
0.101131 -0.026670
0.105941 -0.026902
0.110848 -0.027115
0.115853 -0.027312
0.120953 -0.027491
0.126148 -0.027655
0.131435 -0.027803
0.136815 -0.027937
0.142285 -0.028057
0.147845 -0.028163
0.153492 -0.028257
0.159225 -0.028339
0.165044 -0.028410
0.170946 -0.028471
0.176930 -0.028522
0.182994 -0.028563
0.189138 -0.028596
0.195358 -0.028621
0.201655 -0.028639
0.208026 -0.028649
0.214470 -0.028654
0.220986 -0.028653
0.227570 -0.028646
0.234223 -0.028635
0.240941 -0.028619
0.247725 -0.028599
0.254571 -0.028576
0.261478 -0.028549
0.268445 -0.028520
0.275470 -0.028487
0.282550 -0.028453
0.289685 -0.028416
0.296872 -0.028377
0.304110 -0.028337
0.311396 -0.028295
0.318730 -0.028252
0.326109 -0.028207
0.333531 -0.028161
0.340994 -0.028113
0.348497 -0.028065
0.356038 -0.028016
0.363615 -0.027965
0.371226 -0.027914
0.378869 -0.027862
0.386542 -0.027808
0.394243 -0.027754
0.401971 -0.027699
0.409723 -0.027643
0.417498 -0.027585
0.425293 -0.027527
0.433107 -0.027467
0.440937 -0.027407
0.448783 -0.027345
0.456641 -0.027283
0.464509 -0.027219
0.472387 -0.027154
0.480272 -0.027088
0.488161 -0.027021
0.496053 -0.026953
0.503947 -0.026883
0.511839 -0.026813
0.519728 -0.026742
0.527613 -0.026670
0.535491 -0.026597
0.543359 -0.026523
0.551217 -0.026449
0.559063 -0.026374
0.566893 -0.026298
0.574707 -0.026222
0.582502 -0.026146
0.590277 -0.026069
0.598029 -0.025992
0.605757 -0.025916
0.613458 -0.025839
0.621131 -0.025762
0.628774 -0.025686
0.636385 -0.025610
0.643962 -0.025535
0.651503 -0.025460
0.659006 -0.025386
0.666469 -0.025313
0.673891 -0.025241
0.681270 -0.025169
0.688604 -0.025099
0.695890 -0.025030
0.703128 -0.024962
0.710315 -0.024896
0.717450 -0.024831
0.724530 -0.024767
0.731555 -0.024704
0.738522 -0.024643
0.745429 -0.024583
0.752275 -0.024525
0.759059 -0.024468
0.765777 -0.024413
0.772430 -0.024358
0.779014 -0.024306
0.785530 -0.024254
0.791974 -0.024203
0.798345 -0.024154
0.804642 -0.024106
0.810862 -0.024058
0.817006 -0.024012
0.823070 -0.023966
0.829054 -0.023921
0.834956 -0.023877
0.840775 -0.023833
0.846508 -0.023790
0.852155 -0.023746
0.857715 -0.023704
0.863185 -0.023661
0.868565 -0.023618
0.873852 -0.023575
0.879047 -0.023532
0.884147 -0.023489
0.889152 -0.023446
0.894059 -0.023402
0.898869 -0.023358
0.903579 -0.023314
0.908188 -0.023269
0.912695 -0.023224
0.917100 -0.023178
0.921401 -0.023132
0.925597 -0.023085
0.929686 -0.023038
0.933669 -0.022990
0.937544 -0.022942
0.941309 -0.022894
0.944964 -0.022845
0.948509 -0.022796
0.951942 -0.022747
0.955262 -0.022699
0.958469 -0.022650
0.961561 -0.022601
0.964539 -0.022553
0.967400 -0.022505
0.970146 -0.022458
0.972774 -0.022412
0.975284 -0.022366
0.977675 -0.022321
0.979948 -0.022278
0.982101 -0.022236
0.984134 -0.022195
0.986046 -0.022156
0.987838 -0.022119
0.989507 -0.022083
0.991055 -0.022050
0.992480 -0.022019
0.993782 -0.021990
0.994962 -0.021963
0.996018 -0.021939
0.996950 -0.021917
0.997759 -0.021899
0.998443 -0.021883
0.999003 -0.021869
0.999439 -0.021859
0.999751 -0.021851
0.999938 -0.021847
1.000000 -0.021846
