
 ==============================
 S N O P T  7.7.7    (Feb 2021)
 ==============================

 SNMEMB EXIT 100 -- finished successfully
 SNMEMB INFO 104 -- memory requirements estimated

 ==============================
 S N O P T  7.7.7    (Feb 2021)
 ==============================



 Nonlinear constraints       1     Linear constraints       0
 Nonlinear variables        22     Linear variables         0
 Jacobian  variables        22     Objective variables     22
 Total constraints           1     Total variables         22



 The user has defined      22   out of      22   constraint gradients.
 The user has defined      22   out of      22   objective  gradients.


 Major Minors     Step   nCon Feasible  Optimal  MeritFunction     nS Penalty
     0     21               1  3.3E-05  1.8E-04  1.3226048E+02     21           r
     1      1  1.0E+00      2 (3.6E-08) 1.8E-04  1.3247881E+02     21 2.3E+02   r
     2      1  1.4E-01      3  1.1E-05  2.9E-03  1.3243708E+02     21 1.5E+01 s
     3      1  1.2E-01      4  2.1E-05  2.8E-03  1.3239266E+02     21 5.5E+00
     4      1  8.9E-02      5  2.8E-05  2.8E-03  1.3235436E+02     21 5.5E+00
     5      1  7.0E-02      6  3.3E-05  2.8E-03  1.3231955E+02     21 5.5E+00
     6      1  5.9E-02      7  3.6E-05  2.8E-03  1.3228708E+02     21 5.5E+00
     7      1  5.1E-02      8  3.9E-05  2.8E-03  1.3225621E+02     21 5.5E+00
     8      1  4.5E-02      9  4.2E-05  2.8E-03  1.3222649E+02     21 5.5E+00
     9      1  4.2E-02     10  4.4E-05  2.8E-03  1.3219755E+02     21 5.5E+00

 Major Minors     Step   nCon Feasible  Optimal  MeritFunction     nS Penalty
    10      1  3.9E-02     11  4.6E-05  2.8E-03  1.3216915E+02     21 5.5E+00
    11      1  3.7E-02     12  4.8E-05  2.8E-03  1.3214107E+02     21 5.5E+00
    12      1  3.6E-02     13  5.0E-05  2.8E-03  1.3211312E+02     21 5.5E+00
    13      1  3.6E-02     14  5.2E-05  2.8E-03  1.3208514E+02     21 5.5E+00
    14      1  3.6E-02     15  5.3E-05  2.7E-03  1.3205696E+02     21 5.5E+00
    15      1  3.7E-02     16  5.5E-05  2.7E-03  1.3202843E+02     21 5.5E+00
    16      1  3.9E-02     17  5.6E-05  2.6E-03  1.3199938E+02     21 5.5E+00
    17      1  4.1E-02     18  5.8E-05  2.5E-03  1.3196962E+02     21 5.5E+00
    18      1  4.4E-02     19  5.9E-05  2.4E-03  1.3193895E+02     21 5.5E+00
    19      1  4.9E-02     20  6.1E-05  2.3E-03  1.3190717E+02     21 5.5E+00

 Major Minors     Step   nCon Feasible  Optimal  MeritFunction     nS Penalty
    20      1  5.6E-02     21  6.2E-05  2.1E-03  1.3187402E+02     21 5.5E+00
    21      1  6.5E-02     22  6.4E-05  1.9E-03  1.3183925E+02     21 5.5E+00
    22      1  5.8E-02     23  6.4E-05  1.8E-03  1.3181108E+02     21 5.5E+00
    23      1  7.1E-02     24  6.5E-05  1.6E-03  1.3178077E+02     21 5.5E+00
    24      1  8.9E-02     25  6.5E-05  1.4E-03  1.3174847E+02     21 5.5E+00
    25      1  1.2E-01     26  6.5E-05  1.1E-03  1.3171394E+02     21 5.5E+00
    26      1  1.7E-01     27  6.6E-05  8.2E-04  1.3167728E+02     21 5.5E+00
    27      1  2.7E-01     28  6.6E-05  4.4E-04  1.3163974E+02     21 5.5E+00
    28      1  1.0E+00     29  1.1E-04  7.7E-04  1.3163804E+02     21 5.5E+00
    29      1  1.0E+00     30 (1.7E-06) 6.7E-04  1.3157794E+02     21 5.5E+00

 Major Minors     Step   nCon Feasible  Optimal  MeritFunction     nS Penalty
    30      1  1.0E+00     31 (4.2E-06) 4.9E-05  1.3156920E+02     21 5.5E+00
    31      1  1.0E+00     32  1.3E-05  2.8E-04  1.3154447E+02     21 5.5E+00
    32      2  1.0E+00     33  3.4E-05  4.2E-04  1.3149508E+02     20 5.5E+00
    33      1  1.0E+00     34 (1.2E-06) 4.2E-04  1.3145750E+02     20 5.5E+00
    34      1  1.0E+00     35  1.2E-04  1.5E-04  1.3142601E+02     20 5.5E+00
    35      1  1.0E+00     36 (8.8E-06) 9.4E-04  1.3130787E+02     20 5.5E+00
    36      1  1.0E+00     37  3.5E-05  4.3E-04  1.3120273E+02     20 5.5E+00
    37      2  1.0E+00     38  2.1E-05  2.0E-04  1.3116816E+02     21 5.5E+00
    38      1  1.0E+00     39  1.5E-05  2.7E-05  1.3114180E+02     21 5.5E+00
    39      1  1.0E+00     40  3.0E-05  2.1E-04  1.3111224E+02     21 5.5E+00

 Major Minors     Step   nCon Feasible  Optimal  MeritFunction     nS Penalty
    40      2  1.0E+00     41  2.6E-05  2.7E-04  1.3108339E+02     20 5.5E+00
    41      1  1.0E+00     42  2.6E-05  2.8E-04  1.3105467E+02     20 5.5E+00
    42      1  1.0E+00     43  3.4E-05  1.9E-04  1.3102262E+02     20 5.5E+00
    43      2  1.0E+00     44  5.4E-05  8.5E-05  1.3098904E+02     19 5.5E+00
    44      2  1.0E+00     45  4.7E-05  2.9E-04  1.3094242E+02     20 5.5E+00
    45      2  1.0E+00     46  4.2E-05  5.3E-04  1.3088783E+02     19 5.5E+00
    46      1  1.0E+00     47  2.2E-05  1.0E-03  1.3080693E+02     19 5.5E+00
    47      2  1.0E+00     48  7.8E-05  5.7E-04  1.3061915E+02     20 5.5E+00
    48      2  1.0E+00     49  1.7E-04  6.3E-04  1.3052139E+02     19 5.5E+00
    49      1  1.0E+00     50  1.6E-05  1.7E-04  1.3034412E+02     19 5.5E+00

 Major Minors     Step   nCon Feasible  Optimal  MeritFunction     nS Penalty
    50      3  4.9E-01     51  5.3E-05  6.1E-04  1.3028075E+02     19 5.5E+00
    51      1  1.0E+00     52  1.4E-04  3.4E-04  1.3023998E+02     19 5.5E+00
    52      1  1.0E+00     53  3.5E-05  1.6E-04  1.3013692E+02     19 5.5E+00
    53      2  1.0E+00     54  1.3E-05  5.8E-05  1.3011359E+02     20 5.5E+00
    54      2  1.0E+00     55  1.4E-05  9.4E-05  1.3009643E+02     19 5.5E+00
    55      2  1.0E+00     56 (6.1E-06) 3.5E-05  1.3008060E+02     20 5.5E+00
    56      1  1.0E+00     57  2.8E-05  1.1E-04  1.3005359E+02     20 5.5E+00
    57      1  1.0E+00     58 (5.2E-06) 1.1E-04  1.3003955E+02     20 5.5E+00
    58      1  1.0E+00     59 (5.7E-06) 1.4E-05  1.3003104E+02     20 5.5E+00
    59      1  1.0E+00     60 (3.8E-06) 5.7E-05  1.3002404E+02     20 5.5E+00

 Major Minors     Step   nCon Feasible  Optimal  MeritFunction     nS Penalty
    60      1  1.0E+00     61 (7.5E-06) 1.0E-04  1.3001496E+02     20 5.5E+00
    61      1  1.0E+00     62 (6.5E-06) 7.6E-05  1.3000844E+02     20 5.5E+00
    62      1  1.0E+00     63 (3.4E-06) 1.8E-05  1.3000505E+02     20 5.5E+00
    63      1  1.0E+00     64 (1.7E-06) 4.4E-05  1.3000313E+02     20 5.5E+00
    64      1  1.0E+00     65 (2.1E-06) 1.1E-04  1.3000088E+02     20 5.5E+00
    65      1  1.0E+00     66 (3.2E-06) 1.5E-04  1.2999783E+02     20 5.5E+00
    66      1  1.0E+00     67 (2.8E-06) 1.4E-04  1.2999516E+02     20 5.5E+00
    67      1  1.0E+00     68 (1.3E-06) 7.0E-05  1.2999373E+02     20 5.5E+00
    68      1  1.0E+00     69 (6.1E-07) 4.6E-06  1.2999289E+02     20 5.5E+00
    69      1  1.0E+00     70 (7.3E-07) 4.8E-05  1.2999191E+02     20 5.5E+00

 Major Minors     Step   nCon Feasible  Optimal  MeritFunction     nS Penalty
    70      1  1.0E+00     71 (1.1E-06) 7.9E-05  1.2999068E+02     20 5.5E+00
    71      1  1.0E+00     72 (1.1E-06) 6.9E-05  1.2998967E+02     20 5.5E+00
    72      1  1.0E+00     73 (6.1E-07) 3.7E-05  1.2998917E+02     20 5.5E+00
    73      1  1.0E+00     74 (1.8E-07) 1.2E-05  1.2998894E+02     20 5.5E+00
    74      1  1.0E+00     75 (1.2E-07) 1.5E-05  1.2998872E+02     20 5.5E+00
    75      1  1.0E+00     76 (1.9E-07) 4.5E-05  1.2998838E+02     20 5.5E+00
    76      1  1.0E+00     77 (3.3E-07) 5.8E-05  1.2998795E+02     20 5.5E+00
    77      1  1.0E+00     78 (3.6E-07) 4.2E-05  1.2998758E+02     20 5.5E+00
    78      1  1.0E+00     79 (1.4E-07) 1.6E-05  1.2998737E+02     20 5.5E+00
    79      1  1.0E+00     80 (3.6E-08) 3.6E-06  1.2998726E+02     20 5.5E+00

 Major Minors     Step   nCon Feasible  Optimal  MeritFunction     nS Penalty
    80      1  1.0E+00     81 (5.2E-08) 1.4E-05  1.2998715E+02     20 5.5E+00
    81      1  1.0E+00     82 (1.2E-07) 1.8E-05  1.2998702E+02     20 5.5E+00
    82      1  1.0E+00     83 (1.2E-07) 1.3E-05  1.2998692E+02     20 5.5E+00
    83      1  1.0E+00     84 (3.2E-08) 6.5E-06  1.2998685E+02     20 5.5E+00
    84      1  1.0E+00     85 (7.8E-09) 2.4E-06  1.2998682E+02     20 5.5E+00
    85      1  1.0E+00     86 (1.6E-08) 1.1E-06  1.2998678E+02     20 5.5E+00
    86      1  1.0E+00     87 (4.5E-08) 3.2E-06  1.2998673E+02     20 5.5E+00
    87      1  1.0E+00     88 (6.0E-08) 1.9E-06  1.2998667E+02     20 5.5E+00
    88      1  1.0E+00     89 (2.6E-08) 6.9E-07  1.2998663E+02     20 5.5E+00
    89      1  1.0E+00     90 (7.9E-09) 5.6E-07  1.2998662E+02     20 5.5E+00

 Major Minors     Step   nCon Feasible  Optimal  MeritFunction     nS Penalty
    90      1  1.0E+00     91 (9.2E-09) 1.3E-06  1.2998660E+02     20 5.5E+00
    91      1  1.0E+00     92 (2.1E-08) 3.0E-06  1.2998658E+02     20 5.5E+00
    92      1  1.0E+00     93 (2.5E-08) 4.7E-06  1.2998655E+02     20 5.5E+00
    93      1  1.0E+00     94 (1.1E-08) 5.3E-06  1.2998654E+02     20 5.5E+00
    94      1  1.0E+00     95 (3.3E-09) 4.5E-06  1.2998653E+02     20 5.5E+00
    95      1  1.0E+00     96 (3.2E-09) 2.7E-06  1.2998653E+02     20 5.5E+00
    96      1  1.0E+00     97 (7.6E-09) 3.7E-07  1.2998652E+02     20 5.5E+00
    97      1  1.0E+00     98 (1.0E-08) 1.2E-06  1.2998651E+02     20 5.5E+00
    98      1  1.0E+00     99 (6.0E-09) 1.7E-06  1.2998650E+02     20 5.5E+00
    99      1  1.0E+00    100 (1.8E-09) 2.1E-06  1.2998650E+02     20 5.5E+00

 Major Minors     Step   nCon Feasible  Optimal  MeritFunction     nS Penalty
   100      1  1.0E+00    101 (1.1E-09) 2.1E-06  1.2998650E+02     20 5.5E+00
   101      1  1.0E+00    102 (2.6E-09) 1.6E-06  1.2998650E+02     20 5.5E+00
   102      1  1.0E+00    103 (4.8E-09) 7.7E-07  1.2998649E+02     20 5.5E+00
   103      1  1.0E+00    104 (5.3E-09) 3.4E-07  1.2998648E+02     20 5.5E+00
   104      1  1.0E+00    105 (2.5E-09) 2.9E-07  1.2998648E+02     20 5.5E+00
   105      1  1.0E+00    106 (6.4E-10) 2.0E-07  1.2998648E+02     20 5.5E+00
   106      1  1.0E+00    107 (3.1E-10)(8.8E-08) 1.2998648E+02     20 5.5E+00

 SNOPTC EXIT   0 -- finished successfully
 SNOPTC INFO   1 -- optimality conditions satisfied

 Problem name                 Optimiza
 No. of iterations                 140   Objective            1.2998647934E+02
 No. of major iterations           106   Linear    obj. term  0.0000000000E+00
 Penalty parameter           5.503E+00   Nonlinear obj. term  1.2998647934E+02
 User function calls (total)       263   Calls with modes 1,2 (known g)    107
 No. of superbasics                 20   No. of basic nonlinears             1
 No. of degenerate steps             0   Percentage                       0.00
 Max x                       1 1.2E+03   Max pi                      1 4.8E+00
 Max Primal infeas          23 3.7E-07   Max Dual infeas            22 5.2E-04
 Nonlinear constraint violn    3.7E-07



 Solution printed on file  18

 Time for MPS input                             0.00 seconds
 Time for solving problem                    3003.58 seconds
 Time for solution output                       0.00 seconds
 Time for constraint functions               3003.58 seconds
 Time for objective function                    0.00 seconds
