st10
Re        8e+05
M            0
N            1
VACC            0 VACCflag 1
XTR         0.05         0.05 XTRflag 1
alpha,cl,cd,cdp,cm
        -9.3,     -0.6342,     0.05194,     0.04741,     -0.0543
        -9.2,     -0.6197,     0.05494,     0.05045,     -0.0516
        -9.1,     -0.6657,     0.02127,     0.01476,     -0.0681
          -9,     -0.6558,     0.02074,     0.01412,     -0.0682
        -8.9,     -0.6456,     0.02031,      0.0136,     -0.0683
        -8.8,     -0.6353,     0.01995,     0.01317,     -0.0683
        -8.7,     -0.6249,      0.0196,     0.01275,     -0.0684
        -8.6,     -0.6144,     0.01928,     0.01236,     -0.0684
        -8.5,     -0.6039,     0.01895,     0.01196,     -0.0685
        -8.4,     -0.5934,     0.01867,     0.01162,     -0.0686
        -8.3,     -0.5828,     0.01839,     0.01128,     -0.0686
        -8.2,     -0.5721,     0.01812,     0.01095,     -0.0687
        -8.1,     -0.5614,     0.01785,     0.01062,     -0.0687
          -8,     -0.5507,     0.01761,     0.01031,     -0.0688
        -7.9,       -0.54,     0.01736,     0.01001,     -0.0688
        -7.8,     -0.5292,     0.01711,      0.0097,     -0.0689
        -7.7,     -0.5184,     0.01688,     0.00941,     -0.0689
        -7.6,     -0.5075,     0.01664,     0.00911,      -0.069
        -7.5,     -0.4967,      0.0164,     0.00881,     -0.0691
        -7.4,     -0.4858,     0.01618,     0.00854,     -0.0691
        -7.3,     -0.4748,     0.01596,     0.00826,     -0.0692
        -7.2,     -0.4639,     0.01575,       0.008,     -0.0692
        -7.1,     -0.4529,     0.01555,     0.00775,     -0.0692
          -7,     -0.4419,     0.01535,      0.0075,     -0.0693
        -6.9,     -0.4309,     0.01517,     0.00727,     -0.0693
        -6.8,     -0.4198,     0.01499,     0.00703,     -0.0694
        -6.7,     -0.4088,     0.01482,     0.00682,     -0.0694
        -6.6,     -0.3977,     0.01466,     0.00661,     -0.0695
        -6.5,     -0.3866,      0.0145,     0.00641,     -0.0695
        -6.4,     -0.3755,     0.01435,     0.00621,     -0.0696
        -6.3,     -0.3643,      0.0142,     0.00603,     -0.0696
        -6.2,     -0.3532,     0.01407,     0.00585,     -0.0697
        -6.1,      -0.342,     0.01393,     0.00568,     -0.0697
          -6,     -0.3309,     0.01381,     0.00551,     -0.0698
        -5.9,     -0.3197,     0.01368,     0.00535,     -0.0698
        -5.8,     -0.3085,     0.01356,     0.00519,     -0.0698
        -5.7,     -0.2973,     0.01345,     0.00504,     -0.0699
        -5.6,     -0.2861,     0.01334,      0.0049,     -0.0699
        -5.5,     -0.2749,     0.01323,     0.00476,       -0.07
        -5.4,     -0.2637,     0.01313,     0.00462,       -0.07
        -5.3,     -0.2524,     0.01303,     0.00449,     -0.0701
        -5.2,     -0.2412,     0.01294,     0.00437,     -0.0701
        -5.1,     -0.2299,     0.01285,     0.00424,     -0.0702
          -5,     -0.2187,     0.01276,     0.00412,     -0.0702
        -4.9,     -0.2074,     0.01268,     0.00401,     -0.0702
        -4.8,     -0.1962,      0.0126,      0.0039,     -0.0703
        -4.7,     -0.1849,     0.01252,      0.0038,     -0.0703
        -4.6,     -0.1736,     0.01244,      0.0037,     -0.0704
        -4.5,     -0.1623,     0.01237,      0.0036,     -0.0704
        -4.4,      -0.151,     0.01231,     0.00351,     -0.0705
        -4.3,     -0.1398,     0.01224,     0.00342,     -0.0705
        -4.2,     -0.1285,     0.01218,     0.00333,     -0.0705
        -4.1,     -0.1172,     0.01212,     0.00325,     -0.0706
          -4,     -0.1059,     0.01206,     0.00316,     -0.0706
        -3.9,     -0.0946,     0.01201,     0.00309,     -0.0707
        -3.8,     -0.0833,     0.01196,     0.00302,     -0.0707
        -3.7,      -0.072,     0.01191,     0.00295,     -0.0707
        -3.6,     -0.0607,     0.01186,     0.00288,     -0.0708
        -3.5,     -0.0493,     0.01181,     0.00281,     -0.0708
        -3.4,      -0.038,     0.01177,     0.00275,     -0.0709
        -3.3,     -0.0267,     0.01173,     0.00269,     -0.0709
        -3.2,     -0.0154,     0.01169,     0.00264,      -0.071
        -3.1,     -0.0041,     0.01165,     0.00258,      -0.071
          -3,      0.0072,     0.01162,     0.00253,      -0.071
        -2.9,      0.0186,     0.01159,     0.00241,     -0.0711
        -2.8,      0.0299,     0.01156,     0.00237,     -0.0711
        -2.7,      0.0412,     0.01153,     0.00232,     -0.0711
        -2.6,      0.0525,      0.0115,     0.00228,     -0.0712
        -2.5,      0.0639,     0.01147,     0.00225,     -0.0712
        -2.4,      0.0752,     0.01145,     0.00221,     -0.0713
        -2.3,      0.0865,     0.01143,     0.00217,     -0.0713
        -2.2,      0.0978,     0.01141,     0.00214,     -0.0713
        -2.1,      0.1091,     0.01139,     0.00211,     -0.0714
          -2,      0.1204,     0.01137,     0.00208,     -0.0714
        -1.9,      0.1318,     0.01135,     0.00206,     -0.0714
        -1.8,      0.1431,     0.01134,     0.00203,     -0.0715
        -1.7,      0.1544,     0.01133,     0.00201,     -0.0715
        -1.6,      0.1657,     0.01131,     0.00199,     -0.0716
        -1.5,       0.177,      0.0113,     0.00197,     -0.0716
        -1.4,      0.1883,     0.01129,     0.00195,     -0.0716
        -1.3,      0.1996,     0.01129,     0.00194,     -0.0717
        -1.2,      0.2109,     0.01128,     0.00193,     -0.0717
        -1.1,      0.2222,     0.01127,     0.00191,     -0.0717
          -1,      0.2335,     0.01127,      0.0019,     -0.0718
        -0.9,      0.2448,     0.01126,     0.00189,     -0.0718
        -0.8,      0.2561,     0.01124,     0.00188,     -0.0718
        -0.7,      0.2674,      0.0112,     0.00186,     -0.0719
        -0.6,      0.2787,     0.01117,     0.00185,     -0.0719
        -0.5,        0.29,     0.01112,     0.00184,      -0.072
        -0.4,      0.3013,     0.01109,     0.00184,     -0.0721
        -0.3,      0.3126,      0.0111,     0.00184,     -0.0721
        -0.2,      0.3239,     0.01111,     0.00185,     -0.0721
        -0.1,      0.3352,     0.01113,     0.00185,     -0.0721
           0,      0.3464,     0.01114,     0.00186,     -0.0722
         0.1,      0.3577,     0.01116,     0.00187,     -0.0722
         0.2,      0.3689,     0.01117,     0.00188,     -0.0722
         0.3,      0.3802,     0.01119,      0.0019,     -0.0722
         0.4,      0.3914,     0.01121,     0.00191,     -0.0723
         0.5,      0.4027,     0.01123,     0.00192,     -0.0723
         0.6,      0.4139,     0.01125,     0.00194,     -0.0723
         0.7,      0.4251,     0.01127,     0.00196,     -0.0723
         0.8,      0.4364,     0.01129,     0.00198,     -0.0723
         0.9,      0.4476,     0.01131,       0.002,     -0.0724
           1,      0.4588,     0.01133,     0.00204,     -0.0724
         1.1,        0.47,     0.01136,     0.00206,     -0.0724
         1.2,      0.4812,     0.01138,     0.00208,     -0.0724
         1.3,      0.4924,     0.01141,      0.0021,     -0.0724
         1.4,      0.5036,     0.01143,     0.00212,     -0.0725
         1.5,      0.5148,     0.01146,     0.00215,     -0.0725
         1.6,       0.526,     0.01148,     0.00217,     -0.0725
         1.7,      0.5371,     0.01151,      0.0022,     -0.0725
         1.8,      0.5483,     0.01154,     0.00223,     -0.0725
         1.9,      0.5595,     0.01157,     0.00226,     -0.0725
           2,      0.5706,      0.0116,     0.00229,     -0.0725
         2.1,      0.5818,     0.01163,     0.00232,     -0.0725
         2.2,      0.5929,     0.01166,     0.00235,     -0.0725
         2.3,       0.604,      0.0117,     0.00238,     -0.0726
         2.4,      0.6152,     0.01173,     0.00242,     -0.0726
         2.5,      0.6263,     0.01176,     0.00246,     -0.0726
         2.6,      0.6374,      0.0118,     0.00249,     -0.0726
         2.7,      0.6485,     0.01183,     0.00253,     -0.0726
         2.8,      0.6596,     0.01187,     0.00257,     -0.0726
         2.9,      0.6707,     0.01191,     0.00261,     -0.0726
           3,      0.6817,     0.01194,     0.00266,     -0.0726
         3.1,      0.6928,     0.01198,      0.0027,     -0.0726
         3.2,      0.7039,     0.01202,     0.00275,     -0.0726
         3.3,      0.7149,     0.01206,     0.00279,     -0.0726
         3.4,      0.7259,      0.0121,     0.00284,     -0.0726
         3.5,       0.737,     0.01215,     0.00289,     -0.0725
         3.6,       0.748,     0.01219,     0.00294,     -0.0725
         3.7,       0.759,     0.01224,       0.003,     -0.0725
         3.8,        0.77,     0.01228,     0.00305,     -0.0725
         3.9,       0.781,     0.01233,     0.00311,     -0.0725
           4,      0.7919,     0.01237,     0.00322,     -0.0725
         4.1,      0.8029,     0.01242,     0.00328,     -0.0725
         4.2,      0.8139,     0.01247,     0.00334,     -0.0724
         4.3,      0.8248,     0.01252,      0.0034,     -0.0724
         4.4,      0.8357,     0.01257,     0.00346,     -0.0724
         4.5,      0.8466,     0.01262,     0.00353,     -0.0724
         4.6,      0.8576,     0.01268,     0.00359,     -0.0724
         4.7,      0.8684,     0.01273,     0.00366,     -0.0723
         4.8,      0.8792,     0.01281,     0.00374,     -0.0723
         4.9,      0.8898,     0.01291,     0.00383,     -0.0722
           5,      0.9004,       0.013,     0.00392,     -0.0722
         5.1,       0.911,      0.0131,     0.00401,     -0.0721
         5.2,      0.9217,     0.01319,     0.00412,      -0.072
         5.3,      0.9324,     0.01326,      0.0042,      -0.072
         5.4,      0.9431,     0.01334,     0.00429,     -0.0719
         5.5,      0.9537,     0.01343,     0.00438,     -0.0719
         5.6,      0.9643,     0.01353,     0.00449,     -0.0718
         5.7,      0.9748,     0.01362,     0.00459,     -0.0717
         5.8,      0.9853,     0.01374,      0.0047,     -0.0716
         5.9,      0.9957,     0.01385,     0.00481,     -0.0716
           6,      1.0061,     0.01396,     0.00492,     -0.0715
         6.1,      1.0166,     0.01406,     0.00504,     -0.0714
         6.2,       1.027,     0.01417,     0.00515,     -0.0713
         6.3,      1.0375,     0.01427,     0.00526,     -0.0712
         6.4,      1.0478,     0.01438,     0.00538,     -0.0711
         6.5,      1.0577,     0.01457,     0.00555,     -0.0709
         6.6,      1.0679,     0.01471,     0.00569,     -0.0708
         6.7,       1.078,     0.01486,     0.00584,     -0.0707
         6.8,      1.0883,     0.01497,     0.00597,     -0.0706
         6.9,      1.0991,       0.015,     0.00604,     -0.0705
           7,      1.1096,     0.01508,     0.00615,     -0.0704
         7.1,      1.1198,      0.0152,     0.00628,     -0.0703
         7.2,      1.1299,     0.01534,     0.00643,     -0.0702
         7.3,        1.14,     0.01547,     0.00657,       -0.07
         7.4,      1.1499,     0.01563,     0.00673,     -0.0699
         7.5,      1.1597,      0.0158,     0.00691,     -0.0697
         7.7,      1.1782,     0.01632,     0.00743,     -0.0692
         7.8,       1.188,     0.01649,     0.00761,      -0.069
         7.9,      1.1978,     0.01665,     0.00779,     -0.0688
           8,      1.2075,     0.01682,     0.00798,     -0.0686
         8.1,      1.2174,     0.01697,     0.00814,     -0.0685
         8.2,      1.2272,     0.01712,     0.00831,     -0.0683
         8.3,       1.237,     0.01726,     0.00848,     -0.0681
         8.4,      1.2468,      0.0174,     0.00864,     -0.0679
         8.5,      1.2565,     0.01755,     0.00882,     -0.0677
         8.6,      1.2662,      0.0177,     0.00899,     -0.0675
         8.7,      1.2759,     0.01785,     0.00917,     -0.0673
         8.8,      1.2855,     0.01801,     0.00935,     -0.0671
         8.9,       1.295,     0.01817,     0.00954,     -0.0669
           9,      1.3045,     0.01834,     0.00973,     -0.0667
         9.1,       1.314,      0.0185,     0.00992,     -0.0665
         9.2,      1.3234,     0.01867,     0.01012,     -0.0662
         9.3,      1.3328,     0.01884,     0.01031,      -0.066
         9.4,      1.3421,     0.01902,     0.01052,     -0.0658
         9.5,      1.3513,      0.0192,     0.01073,     -0.0655
         9.6,      1.3605,     0.01938,     0.01093,     -0.0652
         9.7,      1.3697,     0.01956,     0.01115,      -0.065
         9.8,      1.3787,     0.01975,     0.01136,     -0.0647
         9.9,      1.3877,     0.01994,     0.01158,     -0.0644
          10,      1.3967,     0.02014,     0.01181,     -0.0641
        10.1,      1.4056,     0.02033,     0.01204,     -0.0638
        10.2,      1.4144,     0.02054,     0.01227,     -0.0635
        10.3,      1.4231,     0.02074,     0.01251,     -0.0632
        10.4,      1.4317,     0.02095,     0.01275,     -0.0628
        10.5,      1.4403,     0.02117,     0.01299,     -0.0625
        10.6,      1.4488,     0.02138,     0.01325,     -0.0621
        10.7,      1.4572,     0.02161,      0.0135,     -0.0618
        10.8,      1.4655,     0.02183,     0.01376,     -0.0614
        10.9,      1.4738,     0.02206,     0.01403,      -0.061
          11,      1.4819,      0.0223,      0.0143,     -0.0606
        11.1,      1.4899,     0.02254,     0.01457,     -0.0602
        11.2,      1.4978,     0.02278,     0.01485,     -0.0597
        11.3,      1.5056,     0.02303,     0.01513,     -0.0593
        11.4,      1.5133,     0.02328,     0.01542,     -0.0588
        11.5,      1.5209,     0.02354,     0.01572,     -0.0583
        11.6,      1.5283,     0.02381,     0.01602,     -0.0578
        11.7,      1.5356,     0.02407,     0.01633,     -0.0573
        11.8,      1.5428,     0.02435,     0.01664,     -0.0568
        11.9,      1.5498,     0.02463,     0.01696,     -0.0562
          12,      1.5567,     0.02491,     0.01729,     -0.0556
        12.1,      1.5634,     0.02521,     0.01762,      -0.055
        12.2,      1.5699,      0.0255,     0.01795,     -0.0544
        12.3,      1.5762,     0.02581,      0.0183,     -0.0538
        12.4,      1.5822,     0.02612,     0.01865,     -0.0531
        12.5,      1.5879,     0.02643,       0.019,     -0.0523
        12.6,      1.5933,     0.02675,     0.01937,     -0.0515
        12.7,      1.5985,     0.02708,     0.01974,     -0.0507
        12.8,      1.6034,     0.02742,     0.02012,     -0.0499
        12.9,      1.6079,     0.02776,     0.02051,      -0.049
          13,      1.6106,      0.0281,     0.02088,     -0.0477
        13.1,       1.613,     0.02845,     0.02127,     -0.0464
        13.2,      1.6162,     0.02882,     0.02169,     -0.0453
        13.3,      1.6196,     0.02922,     0.02214,     -0.0443
        13.4,      1.6227,     0.02964,      0.0226,     -0.0433
        13.5,      1.6255,     0.03008,     0.02308,     -0.0422
        13.6,      1.6282,     0.03054,     0.02359,     -0.0412
        13.7,       1.631,     0.03101,      0.0241,     -0.0402
        13.8,      1.6339,     0.03149,     0.02463,     -0.0393
        13.9,      1.6368,     0.03199,     0.02518,     -0.0384
          14,      1.6395,     0.03251,     0.02574,     -0.0376
        14.1,      1.6418,     0.03305,     0.02633,     -0.0367
        14.2,      1.6435,     0.03362,     0.02696,     -0.0357
        14.3,      1.6451,     0.03423,     0.02761,     -0.0348
        14.4,      1.6468,     0.03485,     0.02828,      -0.034
        14.5,      1.6484,     0.03549,     0.02897,     -0.0332
        14.6,      1.6494,     0.03619,     0.02972,     -0.0324
        14.7,      1.6502,     0.03692,      0.0305,     -0.0316
        14.8,      1.6511,     0.03767,      0.0313,     -0.0309
        14.9,      1.6518,     0.03844,     0.03212,     -0.0302
          15,      1.6519,     0.03927,     0.03301,     -0.0296
        15.1,      1.6516,     0.04016,     0.03395,     -0.0289
        15.2,      1.6515,     0.04107,     0.03491,     -0.0284
        15.3,           0,         nan,         nan,           0
        15.4,         nan,         nan,         nan,         nan
        15.5,         nan,         nan,         nan,         nan
        15.6,         nan,         nan,         nan,         nan
        15.7,         nan,         nan,         nan,         nan
        15.8,         nan,         nan,         nan,         nan
        15.9,         nan,         nan,         nan,         nan
          16,         nan,         nan,         nan,         nan
        16.1,         nan,         nan,         nan,         nan
        16.2,         nan,         nan,         nan,         nan
        16.3,         nan,         nan,         nan,         nan
        16.4,         nan,         nan,         nan,         nan
        16.5,         nan,         nan,         nan,         nan
        16.6,         nan,         nan,         nan,         nan
        16.7,         nan,         nan,         nan,         nan
        16.8,         nan,         nan,         nan,         nan
        16.9,         nan,         nan,         nan,         nan
          17,         nan,         nan,         nan,         nan
        17.1,         nan,         nan,         nan,         nan
        17.2,         nan,         nan,         nan,         nan
        17.3,         nan,         nan,         nan,         nan
        17.4,         nan,         nan,         nan,         nan
        17.5,         nan,         nan,         nan,         nan
        17.6,         nan,         nan,         nan,         nan
        17.7,         nan,         nan,         nan,         nan
        17.8,         nan,         nan,         nan,         nan
        17.9,         nan,         nan,         nan,         nan
          18,         nan,         nan,         nan,         nan
        18.1,         nan,         nan,         nan,         nan
        18.2,         nan,         nan,         nan,         nan
        18.3,         nan,         nan,         nan,         nan
        18.4,         nan,         nan,         nan,         nan
        18.5,         nan,         nan,         nan,         nan
        18.6,         nan,         nan,         nan,         nan
        18.7,         nan,         nan,         nan,         nan
        18.8,         nan,         nan,         nan,         nan
        18.9,         nan,         nan,         nan,         nan
          19,         nan,         nan,         nan,         nan
        19.1,         nan,         nan,         nan,         nan
        19.2,         nan,         nan,         nan,         nan
        19.3,         nan,         nan,         nan,         nan
        19.4,         nan,         nan,         nan,         nan
        19.5,         nan,         nan,         nan,         nan
        19.6,         nan,         nan,         nan,         nan
        19.7,         nan,         nan,         nan,         nan
        19.8,         nan,         nan,         nan,         nan
        19.9,         nan,         nan,         nan,         nan
          20,         nan,         nan,         nan,         nan
