st10
Re        7e+05
M            0
N            1
VACC            0 VACCflag 1
XTR         0.05         0.05 XTRflag 1
alpha,cl,cd,cdp,cm
        -9.4,     -0.6899,     0.02574,     0.01975,     -0.0672
        -9.3,     -0.6814,     0.02459,     0.01842,     -0.0675
        -9.2,     -0.6722,     0.02379,     0.01749,     -0.0677
        -9.1,     -0.6626,     0.02314,     0.01673,     -0.0678
          -9,     -0.6529,     0.02256,     0.01604,     -0.0679
        -8.9,      -0.643,     0.02202,      0.0154,      -0.068
        -8.8,     -0.6329,     0.02156,     0.01486,     -0.0681
        -8.7,     -0.6228,     0.02111,     0.01433,     -0.0682
        -8.6,     -0.6125,      0.0207,     0.01383,     -0.0683
        -8.5,     -0.6022,     0.02029,     0.01334,     -0.0684
        -8.4,     -0.5918,     0.01994,     0.01292,     -0.0684
        -8.3,     -0.5814,     0.01959,     0.01249,     -0.0685
        -8.2,     -0.5709,     0.01926,     0.01208,     -0.0686
        -8.1,     -0.5603,     0.01892,     0.01167,     -0.0686
          -8,     -0.5497,     0.01861,     0.01129,     -0.0687
        -7.9,     -0.5391,      0.0183,     0.01091,     -0.0688
        -7.8,     -0.5284,     0.01799,     0.01052,     -0.0688
        -7.7,     -0.5177,      0.0177,     0.01016,     -0.0689
        -7.6,     -0.5069,     0.01742,     0.00982,     -0.0689
        -7.5,     -0.4961,     0.01715,     0.00948,      -0.069
        -7.4,     -0.4853,      0.0169,     0.00916,      -0.069
        -7.3,     -0.4744,     0.01665,     0.00886,     -0.0691
        -7.2,     -0.4635,     0.01643,     0.00857,     -0.0691
        -7.1,     -0.4526,      0.0162,     0.00829,     -0.0692
          -7,     -0.4416,     0.01599,     0.00802,     -0.0692
        -6.9,     -0.4306,     0.01579,     0.00776,     -0.0693
        -6.8,     -0.4196,     0.01559,     0.00751,     -0.0693
        -6.7,     -0.4086,      0.0154,     0.00727,     -0.0694
        -6.6,     -0.3975,     0.01523,     0.00704,     -0.0694
        -6.5,     -0.3865,     0.01505,     0.00682,     -0.0695
        -6.4,     -0.3754,     0.01489,     0.00661,     -0.0695
        -6.3,     -0.3643,     0.01473,      0.0064,     -0.0696
        -6.2,     -0.3532,     0.01458,     0.00621,     -0.0696
        -6.1,      -0.342,     0.01444,     0.00603,     -0.0697
          -6,     -0.3309,      0.0143,     0.00584,     -0.0697
        -5.9,     -0.3197,     0.01416,     0.00567,     -0.0697
        -5.8,     -0.3086,     0.01403,     0.00549,     -0.0698
        -5.7,     -0.2974,     0.01391,     0.00533,     -0.0698
        -5.6,     -0.2862,     0.01379,     0.00518,     -0.0699
        -5.5,      -0.275,     0.01367,     0.00502,     -0.0699
        -5.4,     -0.2638,     0.01356,     0.00488,       -0.07
        -5.3,     -0.2526,     0.01346,     0.00473,       -0.07
        -5.2,     -0.2414,     0.01336,      0.0046,       -0.07
        -5.1,     -0.2301,     0.01326,     0.00446,     -0.0701
          -5,     -0.2189,     0.01316,     0.00433,     -0.0701
        -4.9,     -0.2077,     0.01307,     0.00421,     -0.0702
        -4.8,     -0.1964,     0.01299,      0.0041,     -0.0702
        -4.7,     -0.1852,      0.0129,     0.00398,     -0.0702
        -4.6,     -0.1739,     0.01283,     0.00388,     -0.0703
        -4.5,     -0.1626,     0.01275,     0.00378,     -0.0703
        -4.4,     -0.1514,     0.01268,     0.00368,     -0.0704
        -4.3,     -0.1401,     0.01261,     0.00358,     -0.0704
        -4.2,     -0.1288,     0.01254,     0.00349,     -0.0704
        -4.1,     -0.1175,     0.01248,      0.0034,     -0.0705
          -4,     -0.1062,     0.01242,     0.00331,     -0.0705
        -3.9,      -0.095,     0.01236,     0.00323,     -0.0706
        -3.8,     -0.0837,      0.0123,     0.00315,     -0.0706
        -3.7,     -0.0724,     0.01225,     0.00307,     -0.0706
        -3.6,     -0.0611,      0.0122,       0.003,     -0.0707
        -3.5,     -0.0498,     0.01215,     0.00293,     -0.0707
        -3.4,     -0.0385,      0.0121,     0.00287,     -0.0708
        -3.3,     -0.0272,     0.01206,      0.0028,     -0.0708
        -3.2,     -0.0159,     0.01202,     0.00274,     -0.0708
        -3.1,     -0.0046,     0.01198,     0.00269,     -0.0709
          -3,      0.0067,     0.01194,     0.00263,     -0.0709
        -2.9,      0.0181,     0.01191,     0.00251,     -0.0709
        -2.8,      0.0294,     0.01188,     0.00246,      -0.071
        -2.7,      0.0407,     0.01185,     0.00241,      -0.071
        -2.6,       0.052,     0.01182,     0.00237,     -0.0711
        -2.5,      0.0633,     0.01179,     0.00233,     -0.0711
        -2.4,      0.0746,     0.01176,     0.00229,     -0.0711
        -2.3,      0.0859,     0.01174,     0.00225,     -0.0712
        -2.2,      0.0972,     0.01172,     0.00221,     -0.0712
        -2.1,      0.1085,      0.0117,     0.00218,     -0.0712
          -2,      0.1198,     0.01168,     0.00215,     -0.0713
        -1.9,      0.1311,     0.01166,     0.00212,     -0.0713
        -1.8,      0.1424,     0.01164,      0.0021,     -0.0714
        -1.7,      0.1537,     0.01163,     0.00207,     -0.0714
        -1.6,       0.165,     0.01162,     0.00205,     -0.0714
        -1.5,      0.1763,     0.01161,     0.00203,     -0.0715
        -1.4,      0.1876,      0.0116,     0.00201,     -0.0715
        -1.3,      0.1989,     0.01159,       0.002,     -0.0715
        -1.2,      0.2102,     0.01158,     0.00198,     -0.0716
        -1.1,      0.2214,     0.01157,     0.00197,     -0.0716
          -1,      0.2327,     0.01154,     0.00195,     -0.0716
        -0.9,       0.244,     0.01148,     0.00192,     -0.0717
        -0.8,      0.2553,     0.01146,     0.00191,     -0.0717
        -0.6,      0.2779,     0.01137,     0.00189,     -0.0718
        -0.5,      0.2892,     0.01138,     0.00189,     -0.0719
        -0.4,      0.3004,     0.01139,     0.00189,     -0.0719
        -0.3,      0.3117,      0.0114,      0.0019,     -0.0719
        -0.2,       0.323,     0.01141,      0.0019,     -0.0719
        -0.1,      0.3342,     0.01143,     0.00191,      -0.072
           0,      0.3455,     0.01144,     0.00192,      -0.072
         0.1,      0.3567,     0.01146,     0.00193,      -0.072
         0.2,       0.368,     0.01148,     0.00194,      -0.072
         0.3,      0.3792,     0.01149,     0.00195,      -0.072
         0.4,      0.3904,     0.01151,     0.00196,     -0.0721
         0.5,      0.4016,     0.01153,     0.00198,     -0.0721
         0.6,      0.4129,     0.01155,       0.002,     -0.0721
         0.7,      0.4241,     0.01157,     0.00202,     -0.0721
         0.8,      0.4353,      0.0116,     0.00204,     -0.0721
         0.9,      0.4465,     0.01162,     0.00206,     -0.0722
           1,      0.4577,     0.01164,      0.0021,     -0.0722
         1.1,      0.4689,     0.01167,     0.00212,     -0.0722
         1.2,      0.4801,     0.01169,     0.00214,     -0.0722
         1.3,      0.4912,     0.01172,     0.00216,     -0.0722
         1.4,      0.5024,     0.01174,     0.00219,     -0.0722
         1.5,      0.5136,     0.01177,     0.00221,     -0.0722
         1.6,      0.5247,      0.0118,     0.00224,     -0.0723
         1.7,      0.5359,     0.01183,     0.00226,     -0.0723
         1.8,       0.547,     0.01186,     0.00229,     -0.0723
         1.9,      0.5582,     0.01189,     0.00232,     -0.0723
           2,      0.5693,     0.01192,     0.00235,     -0.0723
         2.1,      0.5804,     0.01195,     0.00239,     -0.0723
         2.2,      0.5915,     0.01198,     0.00242,     -0.0723
         2.3,      0.6027,     0.01202,     0.00246,     -0.0723
         2.4,      0.6138,     0.01205,     0.00249,     -0.0723
         2.5,      0.6249,     0.01209,     0.00253,     -0.0723
         2.6,      0.6359,     0.01212,     0.00257,     -0.0723
         2.7,       0.647,     0.01216,     0.00261,     -0.0723
         2.8,      0.6581,      0.0122,     0.00265,     -0.0723
         2.9,      0.6691,     0.01224,      0.0027,     -0.0723
           3,      0.6802,     0.01228,     0.00274,     -0.0723
         3.1,      0.6912,     0.01232,     0.00279,     -0.0723
         3.2,      0.7023,     0.01236,     0.00284,     -0.0723
         3.3,      0.7133,      0.0124,     0.00289,     -0.0723
         3.4,      0.7243,     0.01244,     0.00294,     -0.0723
         3.5,      0.7353,     0.01249,     0.00299,     -0.0723
         3.6,      0.7463,     0.01253,     0.00304,     -0.0722
         3.7,      0.7573,     0.01258,      0.0031,     -0.0722
         3.8,      0.7683,     0.01262,     0.00315,     -0.0722
         3.9,      0.7792,     0.01267,     0.00321,     -0.0722
           4,      0.7902,     0.01272,     0.00332,     -0.0722
         4.1,      0.8011,     0.01277,     0.00339,     -0.0721
         4.2,      0.8121,     0.01282,     0.00345,     -0.0721
         4.3,       0.823,     0.01287,     0.00351,     -0.0721
         4.4,      0.8339,     0.01292,     0.00358,     -0.0721
         4.5,      0.8448,     0.01298,     0.00365,      -0.072
         4.6,      0.8556,     0.01303,     0.00371,      -0.072
         4.7,      0.8665,     0.01309,     0.00379,      -0.072
         4.8,      0.8773,     0.01315,     0.00386,     -0.0719
         4.9,      0.8882,     0.01321,     0.00393,     -0.0719
           5,      0.8989,     0.01329,     0.00402,     -0.0719
         5.1,      0.9094,     0.01339,     0.00411,     -0.0718
         5.2,        0.92,     0.01349,     0.00423,     -0.0717
         5.3,      0.9305,      0.0136,     0.00433,     -0.0716
         5.4,      0.9411,     0.01369,     0.00443,     -0.0716
         5.5,      0.9517,     0.01378,     0.00453,     -0.0715
         5.6,      0.9623,     0.01386,     0.00462,     -0.0714
         5.7,      0.9729,     0.01395,     0.00472,     -0.0714
         5.8,      0.9833,     0.01406,     0.00483,     -0.0713
         5.9,      0.9938,     0.01416,     0.00494,     -0.0712
           6,      1.0042,     0.01427,     0.00505,     -0.0711
         6.1,      1.0146,     0.01438,     0.00518,      -0.071
         6.2,       1.025,     0.01449,      0.0053,     -0.0709
         6.3,      1.0353,     0.01461,     0.00542,     -0.0708
         6.4,      1.0457,     0.01473,     0.00554,     -0.0707
         6.5,       1.056,     0.01484,     0.00566,     -0.0706
         6.6,      1.0663,     0.01494,     0.00578,     -0.0705
         6.7,      1.0766,     0.01506,     0.00591,     -0.0704
         6.8,      1.0864,     0.01525,     0.00609,     -0.0702
         6.9,      1.0964,     0.01541,     0.00624,     -0.0701
           7,      1.1076,     0.01538,     0.00629,     -0.0701
         7.1,      1.1176,     0.01552,     0.00644,     -0.0699
         7.2,      1.1277,     0.01566,     0.00659,     -0.0698
         7.3,      1.1376,     0.01581,     0.00675,     -0.0696
         7.4,      1.1476,     0.01596,     0.00691,     -0.0695
         7.5,      1.1575,     0.01611,     0.00707,     -0.0693
         7.6,      1.1675,     0.01626,     0.00723,     -0.0692
         7.7,      1.1766,     0.01653,     0.00749,     -0.0689
         7.8,      1.1864,     0.01669,     0.00766,     -0.0687
         7.9,      1.1956,     0.01694,     0.00792,     -0.0684
           8,      1.2047,      0.0172,     0.00818,     -0.0682
         8.1,      1.2144,     0.01737,     0.00837,      -0.068
         8.2,      1.2238,     0.01758,     0.00859,     -0.0677
         8.3,      1.2333,     0.01776,     0.00879,     -0.0675
         8.4,      1.2432,     0.01788,     0.00895,     -0.0673
         8.5,      1.2528,     0.01806,     0.00915,     -0.0671
         8.6,      1.2623,     0.01822,     0.00934,     -0.0669
         8.7,      1.2719,     0.01838,     0.00952,     -0.0667
         8.8,      1.2814,     0.01855,     0.00971,     -0.0665
         8.9,      1.2909,     0.01872,     0.00991,     -0.0663
           9,      1.3003,     0.01889,     0.01011,      -0.066
         9.1,      1.3097,     0.01906,     0.01031,     -0.0658
         9.2,       1.319,     0.01924,     0.01051,     -0.0655
         9.3,      1.3282,     0.01942,     0.01072,     -0.0653
         9.4,      1.3375,      0.0196,     0.01093,      -0.065
         9.5,      1.3466,     0.01979,     0.01115,     -0.0648
         9.6,      1.3557,     0.01997,     0.01137,     -0.0645
         9.7,      1.3647,     0.02017,      0.0116,     -0.0642
         9.8,      1.3737,     0.02036,     0.01182,     -0.0639
         9.9,      1.3826,     0.02056,     0.01205,     -0.0636
          10,      1.3914,     0.02077,     0.01229,     -0.0633
        10.1,      1.4001,     0.02098,     0.01253,      -0.063
        10.2,      1.4088,     0.02119,     0.01277,     -0.0626
        10.3,      1.4174,      0.0214,     0.01302,     -0.0623
        10.4,      1.4259,     0.02162,     0.01328,     -0.0619
        10.5,      1.4343,     0.02185,     0.01353,     -0.0616
        10.6,      1.4427,     0.02208,      0.0138,     -0.0612
        10.7,      1.4509,     0.02231,     0.01407,     -0.0608
        10.8,      1.4591,     0.02254,     0.01434,     -0.0604
        10.9,      1.4671,     0.02279,     0.01462,       -0.06
          11,      1.4751,     0.02303,      0.0149,     -0.0596
        11.1,      1.4829,     0.02328,     0.01519,     -0.0591
        11.2,      1.4906,     0.02354,     0.01549,     -0.0587
        11.3,      1.4982,      0.0238,     0.01579,     -0.0582
        11.4,      1.5057,     0.02407,     0.01609,     -0.0577
        11.5,      1.5131,     0.02434,      0.0164,     -0.0572
        11.6,      1.5203,     0.02462,     0.01672,     -0.0566
        11.7,      1.5273,      0.0249,     0.01704,     -0.0561
        11.8,      1.5342,     0.02519,     0.01737,     -0.0555
        11.9,       1.541,     0.02548,     0.01771,     -0.0549
          12,      1.5475,     0.02578,     0.01805,     -0.0543
        12.1,      1.5539,     0.02609,      0.0184,     -0.0537
        12.2,        1.56,      0.0264,     0.01875,      -0.053
        12.3,      1.5658,     0.02672,     0.01911,     -0.0523
        12.4,      1.5714,     0.02705,     0.01948,     -0.0515
        12.5,      1.5766,     0.02738,     0.01986,     -0.0507
        12.6,      1.5816,     0.02772,     0.02024,     -0.0499
        12.7,      1.5863,     0.02807,     0.02064,      -0.049
        12.8,      1.5898,     0.02841,     0.02103,     -0.0479
        12.9,       1.592,     0.02876,     0.02142,     -0.0466
          13,      1.5951,     0.02913,     0.02184,     -0.0454
        13.1,      1.5984,     0.02953,     0.02229,     -0.0444
        13.2,      1.6016,     0.02995,     0.02275,     -0.0434
        13.3,      1.6045,     0.03039,     0.02324,     -0.0424
        13.4,      1.6072,     0.03085,     0.02374,     -0.0413
        13.5,        1.61,     0.03132,     0.02426,     -0.0404
        13.6,      1.6128,     0.03181,      0.0248,     -0.0394
        13.7,      1.6157,     0.03231,     0.02535,     -0.0385
        13.8,      1.6185,     0.03283,     0.02591,     -0.0377
        13.9,       1.621,     0.03337,      0.0265,     -0.0368
          14,      1.6227,     0.03395,     0.02714,     -0.0359
        14.1,      1.6243,     0.03455,     0.02779,      -0.035
        14.2,       1.626,     0.03517,     0.02846,     -0.0341
        14.3,      1.6276,     0.03582,     0.02916,     -0.0333
        14.4,      1.6287,     0.03651,     0.02991,     -0.0325
        14.5,      1.6295,     0.03725,      0.0307,     -0.0318
        14.6,      1.6303,       0.038,      0.0315,     -0.0311
        14.7,      1.6311,     0.03877,     0.03233,     -0.0304
        14.8,      1.6312,     0.03961,     0.03322,     -0.0297
        14.9,      1.6309,     0.04051,     0.03417,     -0.0291
          15,      1.6308,     0.04141,     0.03513,     -0.0285
        15.1,      1.6305,     0.04237,     0.03615,      -0.028
        15.2,      1.6295,     0.04343,     0.03726,     -0.0276
        15.3,      1.6285,     0.04451,      0.0384,     -0.0272
        15.4,      1.6276,     0.04562,     0.03957,     -0.0268
        15.8,           0,         nan,         nan,           0
        15.9,         nan,         nan,         nan,         nan
          16,         nan,         nan,         nan,         nan
        16.1,         nan,         nan,         nan,         nan
        16.2,         nan,         nan,         nan,         nan
        16.3,         nan,         nan,         nan,         nan
        16.4,         nan,         nan,         nan,         nan
        16.5,         nan,         nan,         nan,         nan
        16.6,         nan,         nan,         nan,         nan
        16.7,         nan,         nan,         nan,         nan
        16.8,         nan,         nan,         nan,         nan
        16.9,         nan,         nan,         nan,         nan
          17,         nan,         nan,         nan,         nan
        17.1,         nan,         nan,         nan,         nan
        17.2,         nan,         nan,         nan,         nan
        17.3,         nan,         nan,         nan,         nan
        17.4,         nan,         nan,         nan,         nan
        17.5,         nan,         nan,         nan,         nan
        17.6,         nan,         nan,         nan,         nan
        17.7,         nan,         nan,         nan,         nan
        17.8,         nan,         nan,         nan,         nan
        17.9,         nan,         nan,         nan,         nan
          18,         nan,         nan,         nan,         nan
        18.1,         nan,         nan,         nan,         nan
        18.2,         nan,         nan,         nan,         nan
        18.3,         nan,         nan,         nan,         nan
        18.4,         nan,         nan,         nan,         nan
        18.5,         nan,         nan,         nan,         nan
        18.6,         nan,         nan,         nan,         nan
        18.7,         nan,         nan,         nan,         nan
        18.8,         nan,         nan,         nan,         nan
        18.9,         nan,         nan,         nan,         nan
          19,         nan,         nan,         nan,         nan
        19.1,         nan,         nan,         nan,         nan
        19.2,         nan,         nan,         nan,         nan
        19.3,         nan,         nan,         nan,         nan
        19.4,         nan,         nan,         nan,         nan
        19.5,         nan,         nan,         nan,         nan
        19.6,         nan,         nan,         nan,         nan
        19.7,         nan,         nan,         nan,         nan
        19.8,         nan,         nan,         nan,         nan
        19.9,         nan,         nan,         nan,         nan
          20,         nan,         nan,         nan,         nan
