st1
Re        5e+05
M            0
N            1
VACC            0 VACCflag 1
XTR         0.05         0.05 XTRflag 1
alpha,cl,cd,cdp,cm
         -20,     -1.0881,     0.13586,     0.12882,       0.005
       -19.9,     -1.0877,     0.13447,     0.12741,      0.0043
       -19.8,     -1.0874,     0.13307,     0.12599,      0.0036
       -19.7,      -1.087,     0.13167,     0.12458,      0.0029
       -19.6,     -1.0868,     0.13024,     0.12313,      0.0022
       -19.5,     -1.0867,     0.12878,     0.12165,      0.0015
       -19.4,      -1.087,     0.12725,      0.1201,      0.0008
       -19.3,      -1.088,     0.12563,     0.11846,      0.0001
       -19.2,     -1.0911,     0.12367,     0.11647,     -0.0009
       -19.1,     -1.1063,     0.11976,     0.11249,     -0.0028
         -19,     -1.1179,     0.11646,     0.10913,     -0.0044
       -18.9,      -1.123,     0.11421,     0.10684,     -0.0054
       -18.8,     -1.1269,     0.11217,     0.10477,     -0.0064
       -18.7,     -1.1304,     0.11022,     0.10279,     -0.0072
       -18.6,     -1.1341,     0.10824,     0.10078,     -0.0081
       -18.5,     -1.1403,     0.10586,     0.09836,     -0.0091
       -18.4,     -1.1442,     0.10387,     0.09632,       -0.01
       -18.3,     -1.1457,     0.10226,     0.09468,     -0.0106
       -18.2,     -1.1468,     0.10072,     0.09312,     -0.0112
       -18.1,     -1.1476,     0.09923,      0.0916,     -0.0118
         -18,     -1.1481,     0.09777,     0.09011,     -0.0123
       -17.9,     -1.1486,     0.09631,     0.08862,     -0.0129
       -17.8,     -1.1493,     0.09481,     0.08709,     -0.0135
       -17.7,     -1.1509,     0.09318,     0.08542,     -0.0141
       -17.6,     -1.1559,     0.09106,     0.08326,      -0.015
       -17.5,     -1.1619,     0.08878,     0.08094,     -0.0159
       -17.4,     -1.1635,     0.08719,     0.07931,     -0.0165
       -17.3,     -1.1645,     0.08567,     0.07776,      -0.017
       -17.2,     -1.1656,     0.08417,     0.07623,     -0.0176
       -17.1,     -1.1668,     0.08268,      0.0747,     -0.0181
         -17,     -1.1683,     0.08113,     0.07312,     -0.0187
       -16.9,     -1.1712,     0.07937,     0.07132,     -0.0193
       -16.8,     -1.1782,     0.07705,     0.06896,     -0.0202
       -16.7,     -1.1798,     0.07552,     0.06739,     -0.0207
       -16.6,     -1.1807,     0.07407,     0.06591,     -0.0212
       -16.5,     -1.1815,     0.07264,     0.06444,     -0.0217
       -16.4,     -1.1826,     0.07118,     0.06295,     -0.0222
       -16.3,     -1.1844,     0.06961,     0.06133,     -0.0227
       -16.2,     -1.1891,     0.06763,     0.05931,     -0.0235
       -16.1,     -1.1906,     0.06612,     0.05777,      -0.024
         -16,     -1.1911,     0.06478,     0.05638,     -0.0244
       -15.9,     -1.1915,     0.06345,     0.05502,     -0.0248
       -15.8,     -1.1922,     0.06209,     0.05363,     -0.0252
       -15.7,      -1.194,     0.06058,     0.05209,     -0.0257
       -15.6,     -1.1972,      0.0589,     0.05036,     -0.0263
       -15.5,     -1.1976,     0.05765,     0.04907,     -0.0266
       -15.4,     -1.1978,     0.05643,     0.04782,     -0.0269
       -15.3,      -1.198,      0.0552,     0.04655,     -0.0272
       -15.2,     -1.1987,     0.05387,     0.04519,     -0.0276
       -15.1,     -1.2005,     0.05241,     0.04368,      -0.028
         -15,     -1.2001,     0.05124,     0.04248,     -0.0283
       -14.9,     -1.1993,     0.05014,     0.04134,     -0.0285
       -14.8,     -1.1987,       0.049,     0.04018,     -0.0288
       -14.7,     -1.1987,     0.04778,     0.03891,     -0.0291
       -14.6,     -1.1985,     0.04658,     0.03768,     -0.0295
       -14.5,     -1.1969,     0.04558,     0.03665,     -0.0296
       -14.4,     -1.1953,     0.04459,     0.03562,     -0.0298
       -14.3,      -1.194,     0.04355,     0.03455,     -0.0301
       -14.2,     -1.1931,     0.04246,     0.03343,     -0.0303
       -14.1,     -1.1909,     0.04154,     0.03247,     -0.0305
         -14,     -1.1882,     0.04065,     0.03156,     -0.0306
       -13.9,     -1.1857,     0.03975,     0.03063,     -0.0308
       -13.8,     -1.1835,     0.03881,     0.02965,      -0.031
       -13.7,     -1.1807,     0.03795,     0.02876,     -0.0312
       -13.6,     -1.1773,     0.03716,     0.02794,     -0.0313
       -13.5,     -1.1741,     0.03636,     0.02711,     -0.0314
       -13.4,      -1.171,     0.03554,     0.02625,     -0.0315
       -13.3,     -1.1673,      0.0348,     0.02548,     -0.0316
       -13.2,     -1.1633,      0.0341,     0.02476,     -0.0316
       -13.1,     -1.1594,      0.0334,     0.02403,     -0.0317
         -13,     -1.1556,     0.03269,     0.02329,     -0.0317
       -12.9,     -1.1513,     0.03205,     0.02262,     -0.0317
       -12.8,     -1.1468,     0.03144,     0.02198,     -0.0317
       -12.7,     -1.1424,     0.03081,     0.02133,     -0.0317
       -12.6,     -1.1379,      0.0302,     0.02069,     -0.0317
       -12.5,      -1.133,     0.02964,      0.0201,     -0.0316
       -12.4,     -1.1282,     0.02909,     0.01952,     -0.0315
       -12.3,     -1.1235,     0.02853,     0.01893,     -0.0314
       -12.2,     -1.1188,       0.028,     0.01838,     -0.0312
       -12.1,     -1.1143,     0.02749,     0.01784,      -0.031
         -12,     -1.1104,     0.02698,      0.0173,     -0.0307
       -11.9,     -1.1088,     0.02648,     0.01678,       -0.03
       -11.8,     -1.1094,     0.02602,     0.01628,      -0.029
       -11.7,     -1.1043,     0.02565,     0.01588,     -0.0287
       -11.6,     -1.0978,     0.02533,     0.01554,     -0.0284
       -11.5,     -1.0907,     0.02506,     0.01524,     -0.0282
       -11.4,     -1.0831,     0.02481,     0.01496,     -0.0279
       -11.3,     -1.0752,     0.02457,      0.0147,     -0.0277
       -11.2,     -1.0669,     0.02434,     0.01445,     -0.0275
       -11.1,     -1.0583,     0.02412,     0.01421,     -0.0274
         -11,     -1.0494,     0.02392,     0.01398,     -0.0272
       -10.9,     -1.0403,     0.02372,     0.01376,     -0.0271
       -10.8,      -1.031,     0.02353,     0.01355,      -0.027
       -10.7,     -1.0216,     0.02334,     0.01335,     -0.0269
       -10.6,     -1.0119,     0.02316,     0.01315,     -0.0268
       -10.5,     -1.0021,     0.02299,     0.01296,     -0.0268
       -10.4,     -0.9922,     0.02283,     0.01278,     -0.0267
       -10.3,     -0.9821,     0.02267,      0.0126,     -0.0267
       -10.2,     -0.9719,     0.02251,     0.01242,     -0.0267
       -10.1,     -0.9616,     0.02236,     0.01225,     -0.0266
         -10,     -0.9512,     0.02221,     0.01209,     -0.0266
        -9.9,     -0.9407,     0.02207,     0.01192,     -0.0266
        -9.8,     -0.9301,     0.02193,     0.01177,     -0.0267
        -9.7,     -0.9194,     0.02179,     0.01161,     -0.0267
        -9.6,     -0.9086,     0.02166,     0.01146,     -0.0267
        -9.5,     -0.8978,     0.02153,     0.01132,     -0.0267
        -9.4,     -0.8868,      0.0214,     0.01117,     -0.0268
        -9.3,     -0.8758,     0.02128,     0.01104,     -0.0268
        -9.2,     -0.8648,     0.02116,      0.0109,     -0.0269
        -9.1,     -0.8536,     0.02105,     0.01077,     -0.0269
          -9,     -0.8424,     0.02093,     0.01064,      -0.027
        -8.9,     -0.8312,     0.02082,     0.01052,     -0.0271
        -8.8,     -0.8198,     0.02072,     0.01039,     -0.0272
        -8.7,     -0.8085,     0.02061,     0.01027,     -0.0272
        -8.6,     -0.7971,     0.02051,     0.01016,     -0.0273
        -8.5,     -0.7856,     0.02041,     0.01004,     -0.0274
        -8.4,     -0.7741,     0.02031,     0.00993,     -0.0275
        -8.3,     -0.7625,     0.02022,     0.00982,     -0.0276
        -8.2,     -0.7509,     0.02012,     0.00971,     -0.0277
        -8.1,     -0.7393,     0.02003,     0.00961,     -0.0278
          -8,     -0.7276,     0.01994,      0.0095,      -0.028
        -7.9,     -0.7159,     0.01985,      0.0094,     -0.0281
        -7.8,     -0.7042,     0.01977,      0.0093,     -0.0282
        -7.7,     -0.6924,     0.01968,      0.0092,     -0.0283
        -7.6,     -0.6806,      0.0196,     0.00911,     -0.0284
        -7.5,     -0.6687,     0.01952,     0.00901,     -0.0286
        -7.4,     -0.6569,     0.01944,     0.00892,     -0.0287
        -7.3,      -0.645,     0.01936,     0.00883,     -0.0289
        -7.2,      -0.633,     0.01929,     0.00875,      -0.029
        -7.1,     -0.6211,     0.01922,     0.00866,     -0.0291
          -7,     -0.6091,     0.01914,     0.00858,     -0.0293
        -6.9,     -0.5971,     0.01908,      0.0085,     -0.0294
        -6.8,      -0.585,     0.01901,     0.00842,     -0.0296
        -6.7,      -0.573,     0.01894,     0.00834,     -0.0297
        -6.6,     -0.5609,     0.01888,     0.00826,     -0.0299
        -6.5,     -0.5488,     0.01881,     0.00819,     -0.0301
        -6.4,     -0.5367,     0.01875,     0.00812,     -0.0302
        -6.3,     -0.5245,     0.01869,     0.00805,     -0.0304
        -6.2,     -0.5123,     0.01864,     0.00798,     -0.0306
        -6.1,     -0.5002,     0.01858,     0.00791,     -0.0307
          -6,      -0.488,     0.01852,     0.00784,     -0.0309
        -5.9,     -0.4757,     0.01847,     0.00778,     -0.0311
        -5.8,     -0.4635,     0.01842,     0.00772,     -0.0312
        -5.7,     -0.4513,     0.01837,     0.00766,     -0.0314
        -5.6,      -0.439,     0.01832,      0.0076,     -0.0316
        -5.5,     -0.4267,     0.01827,     0.00754,     -0.0318
        -5.4,     -0.4144,     0.01823,     0.00749,     -0.0319
        -5.3,     -0.4021,     0.01818,     0.00743,     -0.0321
        -5.2,     -0.3898,     0.01814,     0.00738,     -0.0323
        -5.1,     -0.3775,      0.0181,     0.00733,     -0.0325
          -5,     -0.3651,     0.01805,     0.00728,     -0.0327
        -4.9,     -0.3528,     0.01802,     0.00723,     -0.0329
        -4.8,     -0.3404,     0.01798,     0.00718,      -0.033
        -4.7,      -0.328,     0.01794,     0.00714,     -0.0332
        -4.6,     -0.3156,     0.01791,      0.0071,     -0.0334
        -4.5,     -0.3032,     0.01787,     0.00705,     -0.0336
        -4.4,     -0.2908,     0.01784,     0.00701,     -0.0338
        -4.3,     -0.2784,     0.01781,     0.00697,      -0.034
        -4.2,      -0.266,     0.01778,     0.00694,     -0.0342
        -4.1,     -0.2536,     0.01775,      0.0069,     -0.0344
          -4,     -0.2412,     0.01772,     0.00687,     -0.0346
        -3.9,     -0.2287,      0.0177,     0.00683,     -0.0348
        -3.8,     -0.2163,     0.01767,      0.0068,      -0.035
        -3.7,     -0.2038,     0.01765,     0.00677,     -0.0352
        -3.6,     -0.1914,     0.01763,     0.00675,     -0.0354
        -3.5,     -0.1789,     0.01761,     0.00672,     -0.0356
        -3.4,     -0.1665,     0.01759,     0.00669,     -0.0358
        -3.3,      -0.154,     0.01757,     0.00666,      -0.036
        -3.2,     -0.1415,     0.01755,     0.00664,     -0.0362
        -3.1,     -0.1291,     0.01753,     0.00662,     -0.0364
          -3,     -0.1166,     0.01752,      0.0066,     -0.0366
        -2.9,     -0.1041,     0.01751,     0.00658,     -0.0367
        -2.8,     -0.0916,     0.01749,     0.00656,     -0.0369
        -2.7,     -0.0792,     0.01748,     0.00654,     -0.0371
        -2.6,     -0.0667,     0.01747,     0.00653,     -0.0373
        -2.5,     -0.0542,     0.01746,     0.00651,     -0.0375
        -2.4,     -0.0417,     0.01745,      0.0065,     -0.0377
        -2.3,     -0.0292,     0.01745,     0.00649,     -0.0379
        -2.2,     -0.0168,     0.01744,     0.00648,     -0.0381
        -2.1,     -0.0043,     0.01744,     0.00647,     -0.0383
          -2,      0.0082,     0.01744,     0.00646,     -0.0385
        -1.9,      0.0207,     0.01743,     0.00646,     -0.0387
        -1.8,      0.0331,     0.01743,     0.00645,     -0.0389
        -1.7,      0.0456,     0.01743,     0.00645,     -0.0391
        -1.6,      0.0581,     0.01743,     0.00645,     -0.0393
        -1.5,      0.0705,     0.01744,     0.00645,     -0.0395
        -1.4,       0.083,     0.01744,     0.00645,     -0.0397
        -1.3,      0.0955,     0.01745,     0.00645,     -0.0399
        -1.2,      0.1079,     0.01745,     0.00646,     -0.0401
        -1.1,      0.1204,     0.01746,     0.00646,     -0.0403
          -1,      0.1328,     0.01747,     0.00647,     -0.0405
        -0.9,      0.1453,     0.01748,     0.00648,     -0.0407
        -0.8,      0.1577,     0.01749,     0.00648,     -0.0409
        -0.7,      0.1701,      0.0175,     0.00649,     -0.0411
        -0.6,      0.1826,     0.01751,     0.00651,     -0.0413
        -0.5,       0.195,     0.01753,     0.00652,     -0.0415
        -0.4,      0.2074,     0.01754,     0.00653,     -0.0417
        -0.3,      0.2198,     0.01756,     0.00655,     -0.0418
        -0.2,      0.2322,     0.01758,     0.00657,      -0.042
        -0.1,      0.2446,      0.0176,     0.00658,     -0.0422
           0,      0.2569,     0.01762,      0.0066,     -0.0424
         0.1,      0.2693,     0.01764,     0.00662,     -0.0426
         0.2,      0.2817,     0.01766,     0.00665,     -0.0428
         0.3,       0.294,     0.01769,     0.00667,     -0.0429
         0.4,      0.3064,     0.01771,      0.0067,     -0.0431
         0.5,      0.3187,     0.01774,     0.00672,     -0.0433
         0.6,       0.331,     0.01777,     0.00675,     -0.0435
         0.7,      0.3433,      0.0178,     0.00678,     -0.0437
         0.8,      0.3556,     0.01783,     0.00681,     -0.0438
         0.9,      0.3679,     0.01786,     0.00684,      -0.044
           1,      0.3802,     0.01789,     0.00687,     -0.0442
         1.1,      0.3924,     0.01792,      0.0069,     -0.0443
         1.2,      0.4047,     0.01795,     0.00694,     -0.0445
         1.3,      0.4169,     0.01799,     0.00697,     -0.0447
         1.4,      0.4291,     0.01803,     0.00701,     -0.0448
         1.5,      0.4413,     0.01806,     0.00705,      -0.045
         1.6,      0.4535,      0.0181,     0.00709,     -0.0452
         1.7,      0.4657,     0.01814,     0.00713,     -0.0453
         1.8,      0.4779,     0.01818,     0.00717,     -0.0455
         1.9,        0.49,     0.01823,     0.00721,     -0.0456
           2,      0.5021,     0.01827,     0.00726,     -0.0458
         2.1,      0.5142,     0.01832,     0.00731,     -0.0459
         2.2,      0.5263,     0.01836,     0.00736,     -0.0461
         2.3,      0.5384,     0.01841,     0.00741,     -0.0462
         2.4,      0.5504,     0.01846,     0.00746,     -0.0464
         2.5,      0.5624,     0.01851,     0.00751,     -0.0465
         2.6,      0.5745,     0.01857,     0.00757,     -0.0466
         2.7,      0.5864,     0.01862,     0.00763,     -0.0468
         2.8,      0.5984,     0.01868,     0.00768,     -0.0469
         2.9,      0.6103,     0.01873,     0.00774,      -0.047
           3,      0.6223,     0.01879,      0.0078,     -0.0471
         3.1,      0.6341,     0.01885,     0.00787,     -0.0473
         3.2,       0.646,     0.01891,     0.00793,     -0.0474
         3.3,      0.6579,     0.01897,       0.008,     -0.0475
         3.4,      0.6697,     0.01903,     0.00807,     -0.0476
         3.5,      0.6815,      0.0191,     0.00813,     -0.0477
         3.6,      0.6932,     0.01916,     0.00821,     -0.0478
         3.7,       0.705,     0.01923,     0.00828,     -0.0479
         3.8,      0.7167,      0.0193,     0.00836,      -0.048
         3.9,      0.7283,     0.01937,     0.00843,     -0.0481
           4,        0.74,     0.01944,     0.00851,     -0.0482
         4.1,      0.7516,     0.01951,     0.00859,     -0.0482
         4.2,      0.7632,     0.01959,     0.00866,     -0.0483
         4.3,      0.7747,     0.01966,     0.00875,     -0.0484
         4.4,      0.7862,     0.01974,     0.00883,     -0.0485
         4.5,      0.7977,     0.01982,     0.00891,     -0.0485
         4.6,      0.8091,      0.0199,       0.009,     -0.0486
         4.7,      0.8205,     0.01998,     0.00909,     -0.0486
         4.8,      0.8319,     0.02007,     0.00918,     -0.0487
         4.9,      0.8432,     0.02015,     0.00927,     -0.0487
           5,      0.8545,     0.02024,     0.00936,     -0.0488
         5.1,      0.8657,     0.02033,     0.00946,     -0.0488
         5.2,      0.8769,     0.02042,     0.00956,     -0.0488
         5.3,       0.888,     0.02051,     0.00966,     -0.0488
         5.4,      0.8991,     0.02061,     0.00976,     -0.0489
         5.5,      0.9101,      0.0207,     0.00987,     -0.0489
         5.6,      0.9211,      0.0208,     0.00997,     -0.0488
         5.7,       0.932,      0.0209,     0.01008,     -0.0488
         5.8,      0.9429,       0.021,     0.01019,     -0.0488
         5.9,      0.9537,     0.02111,     0.01031,     -0.0488
           6,      0.9644,     0.02122,     0.01042,     -0.0488
         6.1,      0.9751,     0.02132,     0.01054,     -0.0487
         6.2,      0.9857,     0.02144,     0.01066,     -0.0487
         6.3,      0.9963,     0.02155,     0.01079,     -0.0486
         6.4,      1.0067,     0.02166,     0.01091,     -0.0485
         6.5,      1.0171,     0.02178,     0.01104,     -0.0484
         6.6,      1.0274,      0.0219,     0.01117,     -0.0483
         6.7,      1.0376,     0.02202,      0.0113,     -0.0482
         6.8,      1.0477,     0.02215,     0.01144,     -0.0481
         6.9,      1.0578,     0.02228,     0.01158,      -0.048
           7,      1.0677,     0.02241,     0.01172,     -0.0478
         7.1,      1.0775,     0.02254,     0.01187,     -0.0477
         7.2,      1.0872,     0.02268,     0.01201,     -0.0475
         7.3,      1.0967,     0.02282,     0.01217,     -0.0473
         7.4,      1.1061,     0.02296,     0.01232,     -0.0471
         7.5,      1.1154,     0.02311,     0.01248,     -0.0468
         7.6,      1.1245,     0.02326,     0.01264,     -0.0466
         7.7,      1.1335,     0.02341,     0.01281,     -0.0463
         7.8,      1.1423,     0.02357,     0.01298,      -0.046
         7.9,      1.1509,     0.02374,     0.01316,     -0.0456
           8,      1.1592,     0.02391,     0.01335,     -0.0453
         8.1,      1.1674,     0.02408,     0.01353,     -0.0449
         8.2,      1.1753,     0.02426,     0.01373,     -0.0445
         8.3,       1.183,     0.02445,     0.01393,      -0.044
         8.4,      1.1903,     0.02464,     0.01414,     -0.0435
         8.5,      1.1974,     0.02484,     0.01436,      -0.043
         8.6,      1.2033,     0.02506,     0.01459,     -0.0423
         8.7,      1.2069,     0.02529,     0.01485,     -0.0412
         8.8,      1.2099,     0.02555,     0.01513,       -0.04
         8.9,      1.2143,     0.02583,     0.01543,     -0.0391
           9,      1.2193,     0.02614,     0.01576,     -0.0384
         9.1,      1.2247,     0.02646,      0.0161,     -0.0378
         9.2,      1.2304,     0.02679,     0.01645,     -0.0372
         9.3,      1.2361,     0.02713,     0.01681,     -0.0367
         9.4,      1.2416,      0.0275,      0.0172,     -0.0362
         9.5,      1.2471,     0.02788,      0.0176,     -0.0358
         9.6,      1.2528,     0.02826,       0.018,     -0.0354
         9.7,      1.2583,     0.02867,     0.01844,      -0.035
         9.8,      1.2637,     0.02911,      0.0189,     -0.0346
         9.9,      1.2692,     0.02955,     0.01936,     -0.0343
          10,      1.2746,     0.03001,     0.01984,      -0.034
        10.1,      1.2798,      0.0305,     0.02036,     -0.0338
        10.2,       1.285,       0.031,     0.02088,     -0.0335
        10.3,      1.2903,     0.03151,     0.02141,     -0.0333
        10.4,      1.2953,     0.03206,     0.02199,     -0.0331
        10.5,      1.3003,     0.03262,     0.02258,      -0.033
        10.6,      1.3053,     0.03318,     0.02317,     -0.0328
        10.7,        1.31,     0.03379,      0.0238,     -0.0327
        10.8,      1.3146,     0.03442,     0.02446,     -0.0326
        10.9,      1.3193,     0.03504,      0.0251,     -0.0325
          11,       1.324,     0.03567,     0.02576,     -0.0325
        11.1,      1.3283,     0.03636,     0.02647,     -0.0324
        11.2,      1.3325,     0.03706,      0.0272,     -0.0324
        11.3,      1.3368,     0.03775,     0.02792,     -0.0324
        11.4,      1.3411,     0.03846,     0.02865,     -0.0324
        11.5,      1.3448,     0.03923,     0.02945,     -0.0324
        11.6,      1.3486,     0.04001,     0.03025,     -0.0324
        11.7,      1.3525,     0.04077,     0.03104,     -0.0324
        11.8,      1.3563,     0.04153,     0.03182,     -0.0324
        11.9,      1.3595,     0.04238,      0.0327,     -0.0325
          12,      1.3625,     0.04325,      0.0336,     -0.0325
        12.1,      1.3657,     0.04409,     0.03447,     -0.0326
        12.2,       1.369,     0.04491,     0.03533,     -0.0326
        12.3,      1.3722,     0.04574,     0.03618,     -0.0326
        12.4,      1.3746,     0.04667,     0.03715,     -0.0327
        12.5,      1.3764,     0.04767,     0.03818,     -0.0327
        12.6,      1.3786,     0.04861,     0.03915,     -0.0328
        12.7,       1.381,     0.04952,     0.04008,     -0.0328
        12.8,      1.3834,     0.05042,     0.04101,     -0.0328
        12.9,      1.3856,     0.05134,     0.04196,     -0.0329
          13,      1.3866,     0.05244,     0.04309,      -0.033
        13.1,      1.3873,     0.05357,     0.04426,     -0.0331
        13.2,      1.3887,     0.05462,     0.04534,     -0.0332
        13.3,      1.3903,     0.05562,     0.04637,     -0.0332
        13.4,      1.3921,     0.05662,     0.04739,     -0.0333
        13.5,      1.3937,     0.05762,     0.04843,     -0.0334
        13.6,      1.3948,      0.0587,     0.04953,     -0.0335
        13.7,      1.3941,     0.06004,     0.05091,     -0.0337
        13.8,      1.3941,     0.06129,      0.0522,     -0.0339
        13.9,       1.395,     0.06243,     0.05337,      -0.034
          14,      1.3962,     0.06354,     0.05451,     -0.0342
        14.1,      1.3975,     0.06463,     0.05564,     -0.0343
        14.2,      1.3987,     0.06574,     0.05678,     -0.0345
        14.3,      1.3997,     0.06689,     0.05796,     -0.0346
        14.4,      1.3982,     0.06839,      0.0595,      -0.035
        14.5,      1.3971,     0.06985,       0.061,     -0.0353
        14.6,      1.3973,     0.07114,     0.06232,     -0.0355
        14.7,       1.398,     0.07236,     0.06357,     -0.0358
        14.8,      1.3989,     0.07357,     0.06481,      -0.036
        14.9,      1.3996,     0.07479,     0.06606,     -0.0362
          15,      1.4003,     0.07603,     0.06734,     -0.0365
        15.1,         1.4,     0.07742,     0.06877,     -0.0368
        15.2,      1.3965,     0.07929,     0.07068,     -0.0373
        15.3,      1.3954,     0.08083,     0.07226,     -0.0377
        15.4,      1.3954,      0.0822,     0.07367,     -0.0381
        15.5,      1.3957,     0.08352,     0.07502,     -0.0384
        15.6,       1.396,     0.08484,     0.07637,     -0.0387
        15.7,      1.3961,     0.08619,     0.07775,      -0.039
        15.8,       1.396,     0.08757,     0.07917,     -0.0394
        15.9,      1.3953,     0.08906,      0.0807,     -0.0398
          16,      1.3894,     0.09132,     0.08301,     -0.0405
        16.1,      1.3867,     0.09308,     0.08482,      -0.041
        16.2,      1.3855,     0.09462,     0.08639,     -0.0414
        16.3,       1.385,     0.09608,     0.08789,     -0.0419
        16.4,      1.3845,     0.09753,     0.08937,     -0.0423
        16.5,      1.3839,     0.09902,      0.0909,     -0.0427
        16.6,      1.3827,     0.10059,      0.0925,     -0.0432
        16.7,      1.3798,     0.10242,     0.09437,     -0.0438
        16.8,      1.3711,     0.10519,     0.09721,     -0.0448
        16.9,      1.3687,     0.10698,     0.09904,     -0.0454
          17,      1.3676,     0.10858,     0.10068,     -0.0459
        17.1,      1.3667,     0.11013,     0.10226,     -0.0464
        17.2,      1.3658,      0.1117,     0.10386,      -0.047
        17.3,      1.3645,      0.1133,     0.10551,     -0.0475
        17.4,      1.3627,     0.11501,     0.10725,     -0.0482
        17.5,      1.3596,     0.11693,     0.10922,     -0.0489
        17.6,      1.3496,     0.12002,     0.11237,     -0.0501
        17.7,       1.347,     0.12188,     0.11428,     -0.0508
        17.8,      1.3456,     0.12353,     0.11596,     -0.0515
        17.9,      1.3445,     0.12512,     0.11758,     -0.0521
          18,      1.3435,      0.1267,      0.1192,     -0.0527
        18.1,      1.3425,     0.12829,     0.12083,     -0.0534
        18.2,      1.3413,     0.12995,     0.12252,     -0.0541
        18.3,      1.3391,     0.13175,     0.12436,     -0.0548
        18.4,      1.3302,     0.13474,     0.12741,     -0.0562
        18.5,      1.3245,     0.13718,      0.1299,     -0.0573
        18.6,      1.3195,      0.1395,     0.13228,     -0.0584
        18.7,       1.311,     0.14247,     0.13531,     -0.0598
        18.8,      1.2941,     0.14694,     0.13986,     -0.0619
        18.9,      1.2896,     0.14924,     0.14221,     -0.0631
          19,      1.2876,     0.15111,     0.14412,     -0.0641
        19.1,      1.2864,     0.15284,     0.14588,      -0.065
        19.2,      1.2858,     0.15447,     0.14753,     -0.0658
        19.3,      1.2857,     0.15603,     0.14912,     -0.0666
        19.4,      1.2857,     0.15757,     0.15068,     -0.0675
        19.5,      1.2856,     0.15912,     0.15226,     -0.0683
        19.6,      1.2854,      0.1607,     0.15388,     -0.0692
        19.7,      1.2849,     0.16234,     0.15555,     -0.0701
        19.8,      1.2839,     0.16407,     0.15731,      -0.071
        19.9,      1.2792,     0.16649,     0.15978,     -0.0724
          20,      1.2755,     0.16874,     0.16206,     -0.0737
