st2
Re        4e+05
M            0
N            1
VACC            0 VACCflag 1
XTR         0.05         0.05 XTRflag 1
alpha,cl,cd,cdp,cm
         -20,      -0.665,      0.2459,     0.24052,      0.0498
       -19.9,     -0.6614,     0.24464,     0.23926,       0.049
       -19.8,     -0.6579,     0.24337,     0.23799,      0.0482
       -19.7,     -0.6543,     0.24211,     0.23671,      0.0474
       -19.6,     -0.6508,     0.24084,     0.23544,      0.0466
       -19.5,     -0.6472,     0.23958,     0.23417,      0.0458
       -19.4,     -0.6437,     0.23831,      0.2329,       0.045
       -19.3,     -0.6401,     0.23704,     0.23162,      0.0442
       -19.2,     -0.6366,     0.23576,     0.23034,      0.0434
       -19.1,     -0.6331,     0.23449,     0.22906,      0.0427
         -19,     -0.6296,     0.23321,     0.22778,      0.0419
       -18.9,      -0.626,     0.23193,     0.22649,      0.0411
       -18.8,     -0.6262,     0.22792,     0.22247,      0.0398
       -18.7,     -0.6232,     0.22633,     0.22087,       0.039
       -18.6,     -0.6201,     0.22476,     0.21928,      0.0381
       -18.5,     -0.6172,     0.22317,     0.21769,      0.0373
       -18.4,     -0.6143,     0.22156,     0.21607,      0.0364
       -18.3,     -0.6112,     0.22004,     0.21455,      0.0356
       -18.2,     -0.6081,     0.21863,     0.21314,      0.0348
       -18.1,     -0.6048,     0.21729,     0.21179,      0.0341
         -18,     -0.6016,     0.21594,     0.21043,      0.0333
       -17.9,     -0.5984,     0.21459,     0.20908,      0.0326
       -17.8,     -0.5952,     0.21324,     0.20772,      0.0318
       -17.7,      -0.592,     0.21188,     0.20635,      0.0311
       -17.6,     -0.5888,     0.21051,     0.20497,      0.0303
       -17.5,     -0.5857,     0.20912,     0.20358,      0.0296
       -17.4,     -0.5825,     0.20773,     0.20219,      0.0288
       -17.3,     -0.5794,     0.20633,     0.20078,      0.0281
       -17.2,     -0.5763,     0.20492,     0.19937,      0.0273
       -17.1,     -0.5732,     0.20352,     0.19796,      0.0266
         -17,     -0.5702,     0.20209,     0.19653,      0.0259
       -16.9,     -0.5672,     0.20067,      0.1951,      0.0251
       -16.8,     -0.5642,     0.19923,     0.19366,      0.0244
       -16.7,     -0.5613,      0.1978,     0.19221,      0.0236
       -16.6,     -0.5584,     0.19635,     0.19076,      0.0229
       -16.5,     -0.5555,     0.19489,      0.1893,      0.0222
       -16.4,     -0.5527,     0.19343,     0.18783,      0.0215
       -16.3,     -0.5499,     0.19195,     0.18635,      0.0207
       -16.2,     -0.5471,     0.19047,     0.18487,        0.02
       -16.1,     -0.5444,     0.18899,     0.18337,      0.0193
         -16,     -0.5418,     0.18748,     0.18186,      0.0186
       -15.9,     -0.5392,     0.18597,     0.18035,      0.0178
       -15.8,     -0.5367,     0.18445,     0.17882,      0.0171
       -15.7,     -0.5342,     0.18292,     0.17728,      0.0164
       -15.6,     -0.5318,     0.18137,     0.17573,      0.0157
       -15.5,     -0.5294,     0.17981,     0.17417,       0.015
       -15.4,     -0.5271,     0.17824,     0.17259,      0.0143
       -15.3,      -0.525,     0.17665,       0.171,      0.0135
       -15.2,     -0.5229,     0.17504,     0.16938,      0.0128
       -15.1,     -0.5209,     0.17341,     0.16775,      0.0121
         -15,      -0.519,     0.17176,      0.1661,      0.0114
       -14.9,     -0.5173,     0.17008,     0.16441,      0.0107
       -14.8,     -0.5157,     0.16837,      0.1627,      0.0099
       -14.7,     -0.5142,      0.1666,     0.16093,      0.0092
       -14.6,     -0.5128,      0.1648,     0.15912,      0.0084
       -14.5,     -0.5117,     0.16294,     0.15726,      0.0076
       -14.4,     -0.5108,     0.16103,     0.15535,      0.0069
       -14.3,     -0.5102,     0.15903,     0.15335,       0.006
       -14.2,       -0.51,     0.15693,     0.15124,      0.0052
       -14.1,     -0.5103,     0.15471,     0.14902,      0.0043
         -14,     -0.5113,     0.15231,     0.14662,      0.0034
       -13.9,     -0.5135,     0.14962,     0.14394,      0.0023
       -13.8,     -0.5189,     0.14609,     0.14041,       0.001
       -13.7,     -0.5282,     0.14162,     0.13594,     -0.0007
       -13.5,     -0.9751,     0.04455,     0.03813,     -0.0633
       -13.4,     -0.9892,     0.04234,     0.03581,     -0.0637
       -13.3,     -0.9931,     0.04073,      0.0341,      -0.064
       -13.2,     -0.9942,      0.0394,     0.03268,     -0.0642
       -13.1,     -0.9934,     0.03825,     0.03144,     -0.0642
         -13,     -0.9912,     0.03724,     0.03034,     -0.0642
       -12.9,      -0.988,     0.03632,     0.02934,     -0.0642
       -12.8,      -0.984,     0.03548,     0.02841,     -0.0641
       -12.7,     -0.9793,     0.03469,     0.02755,      -0.064
       -12.6,     -0.9739,     0.03397,     0.02674,     -0.0639
       -12.5,     -0.9681,     0.03328,     0.02598,     -0.0639
       -12.4,     -0.9618,     0.03263,     0.02526,     -0.0638
       -12.3,     -0.9551,     0.03202,     0.02458,     -0.0637
       -12.2,     -0.9481,     0.03144,     0.02392,     -0.0636
       -12.1,     -0.9408,     0.03089,      0.0233,     -0.0635
         -12,     -0.9332,     0.03036,     0.02271,     -0.0634
       -11.9,     -0.9254,     0.02986,     0.02213,     -0.0633
       -11.8,     -0.9173,     0.02937,     0.02158,     -0.0632
       -11.7,      -0.909,     0.02891,     0.02105,     -0.0631
       -11.6,     -0.9005,     0.02846,     0.02054,     -0.0631
       -11.5,     -0.8918,     0.02803,     0.02005,      -0.063
       -11.4,      -0.883,     0.02762,     0.01957,     -0.0629
       -11.3,      -0.874,     0.02722,     0.01911,     -0.0629
       -11.2,     -0.8649,     0.02684,     0.01867,     -0.0628
       -11.1,     -0.8556,     0.02646,     0.01824,     -0.0628
         -11,     -0.8463,     0.02611,     0.01782,     -0.0627
       -10.9,     -0.8368,     0.02576,     0.01742,     -0.0627
       -10.8,     -0.8272,     0.02542,     0.01702,     -0.0626
       -10.7,     -0.8174,      0.0251,     0.01664,     -0.0626
       -10.6,     -0.8076,     0.02478,     0.01627,     -0.0626
       -10.5,     -0.7977,     0.02447,     0.01591,     -0.0625
       -10.4,     -0.7878,     0.02418,     0.01556,     -0.0625
       -10.3,     -0.7777,     0.02389,     0.01521,     -0.0625
       -10.2,     -0.7676,     0.02361,     0.01488,     -0.0625
       -10.1,     -0.7573,     0.02334,     0.01456,     -0.0625
         -10,     -0.7471,     0.02307,     0.01425,     -0.0624
        -9.9,     -0.7367,     0.02282,     0.01394,     -0.0624
        -9.8,     -0.7263,     0.02257,     0.01365,     -0.0624
        -9.7,     -0.7158,     0.02232,     0.01336,     -0.0624
        -9.6,     -0.7053,     0.02209,     0.01308,     -0.0624
        -9.5,     -0.6948,     0.02185,      0.0128,     -0.0624
        -9.4,     -0.6842,     0.02162,     0.01253,     -0.0624
        -9.3,     -0.6735,      0.0214,     0.01226,     -0.0624
        -9.2,     -0.6628,     0.02118,       0.012,     -0.0625
        -9.1,      -0.652,     0.02097,     0.01175,     -0.0625
          -9,     -0.6413,     0.02077,      0.0115,     -0.0625
        -8.9,     -0.6304,     0.02056,     0.01125,     -0.0625
        -8.8,     -0.6196,     0.02037,     0.01102,     -0.0625
        -8.7,     -0.6086,     0.02018,     0.01079,     -0.0625
        -8.6,     -0.5977,     0.01999,     0.01057,     -0.0626
        -8.5,     -0.5867,     0.01981,     0.01035,     -0.0626
        -8.4,     -0.5757,     0.01964,     0.01014,     -0.0626
        -8.3,     -0.5646,     0.01947,     0.00993,     -0.0627
        -8.2,     -0.5536,      0.0193,     0.00972,     -0.0627
        -8.1,     -0.5425,     0.01914,     0.00953,     -0.0627
          -8,     -0.5313,     0.01898,     0.00934,     -0.0628
        -7.9,     -0.5202,     0.01883,     0.00915,     -0.0628
        -7.8,      -0.509,     0.01868,     0.00896,     -0.0628
        -7.7,     -0.4978,     0.01853,     0.00879,     -0.0629
        -7.6,     -0.4866,     0.01839,     0.00861,     -0.0629
        -7.5,     -0.4753,     0.01825,     0.00844,      -0.063
        -7.4,      -0.464,     0.01812,     0.00827,      -0.063
        -7.3,     -0.4527,     0.01799,     0.00811,     -0.0631
        -7.2,     -0.4414,     0.01786,     0.00795,     -0.0631
        -7.1,     -0.4301,     0.01774,      0.0078,     -0.0631
          -7,     -0.4187,     0.01761,     0.00765,     -0.0632
        -6.9,     -0.4074,      0.0175,      0.0075,     -0.0633
        -6.8,      -0.396,     0.01738,     0.00736,     -0.0633
        -6.7,     -0.3846,     0.01727,     0.00722,     -0.0634
        -6.6,     -0.3732,     0.01716,     0.00708,     -0.0634
        -6.5,     -0.3617,     0.01705,     0.00695,     -0.0635
        -6.4,     -0.3503,     0.01695,     0.00682,     -0.0635
        -6.3,     -0.3388,     0.01684,     0.00669,     -0.0636
        -6.2,     -0.3274,     0.01675,     0.00657,     -0.0636
        -6.1,     -0.3159,     0.01665,     0.00645,     -0.0637
          -6,     -0.3044,     0.01655,     0.00632,     -0.0638
        -5.9,      -0.293,     0.01642,     0.00619,     -0.0638
        -5.8,     -0.2815,     0.01632,     0.00607,     -0.0639
        -5.7,       -0.27,     0.01623,     0.00596,      -0.064
        -5.6,     -0.2585,     0.01615,     0.00586,      -0.064
        -5.5,     -0.2469,     0.01608,     0.00576,     -0.0641
        -5.4,     -0.2354,       0.016,     0.00567,     -0.0642
        -5.3,     -0.2238,      0.0159,     0.00556,     -0.0643
        -5.2,     -0.2123,     0.01582,     0.00546,     -0.0643
        -5.1,     -0.2007,     0.01575,     0.00537,     -0.0644
          -5,     -0.1891,     0.01567,     0.00527,     -0.0645
        -4.9,     -0.1776,     0.01559,     0.00518,     -0.0645
        -4.8,      -0.166,     0.01552,     0.00509,     -0.0646
        -4.7,     -0.1544,     0.01546,     0.00501,     -0.0647
        -4.6,     -0.1428,      0.0154,     0.00494,     -0.0648
        -4.5,     -0.1311,     0.01534,     0.00486,     -0.0648
        -4.4,     -0.1195,     0.01529,      0.0048,     -0.0649
        -4.3,     -0.1079,     0.01524,     0.00473,      -0.065
        -4.2,     -0.0963,     0.01519,     0.00467,      -0.065
        -4.1,     -0.0846,     0.01514,      0.0046,     -0.0651
          -4,      -0.073,     0.01509,     0.00454,     -0.0652
        -3.9,     -0.0614,     0.01505,     0.00449,     -0.0653
        -3.8,     -0.0497,     0.01501,     0.00442,     -0.0653
        -3.7,     -0.0381,     0.01497,     0.00437,     -0.0654
        -3.6,     -0.0264,     0.01493,     0.00431,     -0.0655
        -3.5,     -0.0148,     0.01489,     0.00426,     -0.0656
        -3.4,     -0.0031,     0.01486,     0.00421,     -0.0656
        -3.3,      0.0085,     0.01483,     0.00417,     -0.0657
        -3.2,      0.0202,     0.01478,     0.00412,     -0.0658
        -3.1,      0.0318,     0.01474,     0.00408,     -0.0659
          -3,      0.0434,     0.01469,     0.00404,      -0.066
        -2.9,      0.0551,     0.01466,       0.004,      -0.066
        -2.8,      0.0667,     0.01462,     0.00397,     -0.0661
        -2.7,      0.0783,     0.01459,     0.00393,     -0.0662
        -2.6,        0.09,     0.01456,      0.0039,     -0.0663
        -2.5,      0.1017,     0.01455,     0.00383,     -0.0663
        -2.4,      0.1133,     0.01455,     0.00381,     -0.0664
        -2.3,       0.125,     0.01454,     0.00379,     -0.0665
        -2.2,      0.1366,     0.01454,     0.00377,     -0.0665
        -2.1,      0.1483,     0.01454,     0.00375,     -0.0666
          -2,      0.1599,     0.01454,     0.00373,     -0.0667
        -1.9,      0.1716,     0.01455,     0.00372,     -0.0667
        -1.8,      0.1832,     0.01455,      0.0037,     -0.0668
        -1.7,      0.1948,     0.01455,     0.00369,     -0.0669
        -1.6,      0.2065,     0.01456,     0.00368,     -0.0669
        -1.5,      0.2181,     0.01457,     0.00367,      -0.067
        -1.4,      0.2297,     0.01458,     0.00367,     -0.0671
        -1.3,      0.2413,     0.01459,     0.00366,     -0.0671
        -1.2,      0.2529,      0.0146,     0.00366,     -0.0672
        -1.1,      0.2645,     0.01461,     0.00366,     -0.0673
          -1,      0.2761,     0.01462,     0.00366,     -0.0673
        -0.9,      0.2877,     0.01464,     0.00366,     -0.0674
        -0.8,      0.2993,     0.01465,     0.00366,     -0.0674
        -0.7,      0.3109,     0.01467,     0.00367,     -0.0675
        -0.6,      0.3225,     0.01468,     0.00367,     -0.0676
        -0.5,       0.334,      0.0147,     0.00368,     -0.0676
        -0.4,      0.3456,     0.01472,     0.00369,     -0.0677
        -0.3,      0.3571,     0.01474,      0.0037,     -0.0678
        -0.2,      0.3687,     0.01477,     0.00372,     -0.0678
        -0.1,      0.3802,     0.01479,     0.00373,     -0.0679
           0,      0.3917,     0.01482,     0.00375,     -0.0679
         0.1,      0.4033,     0.01484,     0.00377,      -0.068
         0.2,      0.4148,     0.01487,     0.00379,      -0.068
         0.3,      0.4263,      0.0149,     0.00381,     -0.0681
         0.4,      0.4377,     0.01493,     0.00383,     -0.0681
         0.5,      0.4492,     0.01496,     0.00386,     -0.0682
         0.6,      0.4607,     0.01499,     0.00388,     -0.0683
         0.7,      0.4722,     0.01502,     0.00391,     -0.0683
         0.8,      0.4836,     0.01505,     0.00394,     -0.0684
         0.9,       0.495,     0.01509,     0.00397,     -0.0684
           1,      0.5065,     0.01512,       0.004,     -0.0685
         1.1,      0.5179,     0.01516,     0.00404,     -0.0685
         1.2,      0.5293,     0.01519,     0.00407,     -0.0685
         1.3,      0.5407,     0.01523,     0.00411,     -0.0686
         1.4,      0.5521,     0.01527,     0.00414,     -0.0686
         1.5,      0.5635,     0.01531,     0.00418,     -0.0687
         1.6,      0.5748,     0.01535,     0.00422,     -0.0687
         1.7,      0.5862,     0.01539,     0.00427,     -0.0688
         1.8,      0.5975,     0.01544,     0.00431,     -0.0688
         1.9,      0.6088,     0.01548,     0.00435,     -0.0688
           2,      0.6201,     0.01553,      0.0044,     -0.0689
         2.1,      0.6314,     0.01557,     0.00444,     -0.0689
         2.2,      0.6427,     0.01562,     0.00449,     -0.0689
         2.3,       0.654,     0.01567,     0.00454,      -0.069
         2.4,      0.6652,     0.01572,     0.00458,      -0.069
         2.5,      0.6765,     0.01577,     0.00463,      -0.069
         2.6,      0.6877,     0.01582,     0.00469,      -0.069
         2.7,      0.6989,     0.01588,     0.00474,     -0.0691
         2.8,      0.7101,     0.01593,     0.00479,     -0.0691
         2.9,      0.7213,     0.01598,     0.00485,     -0.0691
           3,      0.7325,     0.01604,     0.00491,     -0.0691
         3.1,      0.7436,      0.0161,     0.00496,     -0.0691
         3.2,      0.7547,     0.01615,     0.00502,     -0.0692
         3.3,      0.7659,     0.01621,     0.00509,     -0.0692
         3.4,      0.7769,     0.01627,     0.00515,     -0.0692
         3.5,       0.788,     0.01634,     0.00521,     -0.0692
         3.6,      0.7991,      0.0164,     0.00528,     -0.0692
         3.7,      0.8101,     0.01646,     0.00535,     -0.0692
         3.8,      0.8211,     0.01653,     0.00542,     -0.0692
         3.9,      0.8321,      0.0166,     0.00549,     -0.0692
           4,      0.8431,     0.01666,     0.00556,     -0.0692
         4.1,       0.854,     0.01673,     0.00564,     -0.0692
         4.2,       0.865,      0.0168,     0.00571,     -0.0692
         4.3,      0.8759,     0.01687,     0.00579,     -0.0692
         4.4,      0.8868,     0.01694,     0.00587,     -0.0691
         4.5,      0.8976,     0.01702,     0.00598,     -0.0691
         4.6,      0.9085,     0.01709,     0.00606,     -0.0691
         4.7,      0.9193,     0.01717,     0.00615,     -0.0691
         4.8,      0.9301,     0.01725,     0.00623,      -0.069
         4.9,      0.9408,     0.01732,     0.00632,      -0.069
           5,      0.9516,      0.0174,     0.00641,      -0.069
         5.1,      0.9623,     0.01748,      0.0065,     -0.0689
         5.2,       0.973,     0.01757,     0.00659,     -0.0689
         5.3,      0.9836,     0.01765,     0.00668,     -0.0688
         5.4,      0.9943,     0.01773,     0.00677,     -0.0688
         5.5,      1.0049,     0.01782,     0.00687,     -0.0687
         5.6,      1.0154,     0.01791,     0.00697,     -0.0687
         5.7,       1.026,     0.01799,     0.00708,     -0.0686
         5.8,      1.0365,     0.01808,     0.00718,     -0.0686
         5.9,      1.0469,     0.01818,     0.00729,     -0.0685
           6,      1.0574,     0.01827,      0.0074,     -0.0684
         6.1,      1.0678,     0.01837,     0.00751,     -0.0683
         6.2,      1.0781,     0.01846,     0.00762,     -0.0682
         6.3,      1.0885,     0.01856,     0.00773,     -0.0681
         6.4,      1.0988,     0.01866,     0.00784,     -0.0681
         6.5,       1.109,     0.01876,     0.00796,      -0.068
         6.6,      1.1192,     0.01886,     0.00808,     -0.0678
         6.7,      1.1294,     0.01896,      0.0082,     -0.0677
         6.8,      1.1395,     0.01907,     0.00833,     -0.0676
         6.9,      1.1496,     0.01918,     0.00845,     -0.0675
           7,      1.1597,     0.01929,     0.00857,     -0.0674
         7.1,      1.1697,      0.0194,      0.0087,     -0.0672
         7.2,      1.1796,     0.01951,     0.00883,     -0.0671
         7.3,      1.1895,     0.01962,     0.00896,     -0.0669
         7.4,      1.1994,     0.01974,      0.0091,     -0.0668
         7.5,      1.2092,     0.01985,     0.00924,     -0.0666
         7.6,      1.2189,     0.01997,     0.00938,     -0.0664
         7.7,      1.2286,     0.02009,     0.00952,     -0.0663
         7.8,      1.2383,     0.02022,     0.00966,     -0.0661
         7.9,      1.2478,     0.02034,     0.00981,     -0.0659
           8,      1.2573,     0.02047,     0.00996,     -0.0657
         8.1,      1.2668,      0.0206,     0.01011,     -0.0655
         8.2,      1.2762,     0.02073,     0.01026,     -0.0652
         8.3,      1.2855,     0.02086,     0.01042,      -0.065
         8.4,      1.2947,       0.021,     0.01058,     -0.0648
         8.5,      1.3039,     0.02114,     0.01074,     -0.0645
         8.6,      1.3129,     0.02128,      0.0109,     -0.0642
         8.7,      1.3219,     0.02142,     0.01107,      -0.064
         8.8,      1.3308,     0.02157,     0.01124,     -0.0637
         8.9,      1.3397,     0.02171,     0.01142,     -0.0634
           9,      1.3484,     0.02187,     0.01159,     -0.0631
         9.1,       1.357,     0.02202,     0.01177,     -0.0627
         9.2,      1.3655,     0.02218,     0.01196,     -0.0624
         9.3,      1.3739,     0.02234,     0.01214,      -0.062
         9.4,      1.3822,      0.0225,     0.01233,     -0.0616
         9.5,      1.3903,     0.02266,     0.01253,     -0.0612
         9.6,      1.3983,     0.02283,     0.01272,     -0.0608
         9.7,      1.4061,       0.023,     0.01292,     -0.0603
         9.8,      1.4137,     0.02318,     0.01312,     -0.0599
         9.9,      1.4211,     0.02336,     0.01333,     -0.0593
          10,      1.4284,     0.02354,     0.01354,     -0.0588
        10.1,      1.4355,     0.02373,     0.01376,     -0.0583
        10.2,      1.4425,     0.02392,     0.01398,     -0.0577
        10.3,      1.4489,     0.02412,     0.01421,      -0.057
        10.4,      1.4544,     0.02432,     0.01444,     -0.0562
        10.5,      1.4594,     0.02452,     0.01468,     -0.0553
        10.6,      1.4646,     0.02475,     0.01493,     -0.0544
        10.7,      1.4703,     0.02498,      0.0152,     -0.0536
        10.8,      1.4761,     0.02523,     0.01548,     -0.0529
        10.9,      1.4819,     0.02548,     0.01577,     -0.0523
          11,      1.4877,     0.02575,     0.01607,     -0.0516
        11.1,      1.4935,     0.02602,     0.01637,      -0.051
        11.2,      1.4994,      0.0263,     0.01669,     -0.0504
        11.3,      1.5053,     0.02659,       0.017,     -0.0498
        11.4,      1.5112,     0.02688,     0.01733,     -0.0492
        11.5,       1.517,     0.02718,     0.01768,     -0.0486
        11.6,      1.5226,      0.0275,     0.01803,     -0.0481
        11.7,      1.5281,     0.02784,      0.0184,     -0.0475
        11.8,      1.5335,     0.02818,     0.01877,      -0.047
        11.9,      1.5388,     0.02852,     0.01916,     -0.0464
          12,      1.5442,     0.02887,     0.01954,     -0.0459
        12.1,      1.5495,     0.02923,     0.01994,     -0.0453
        12.2,      1.5545,     0.02962,     0.02037,     -0.0448
        12.3,      1.5594,     0.03002,      0.0208,     -0.0443
        12.4,      1.5643,     0.03043,     0.02125,     -0.0438
        12.5,      1.5692,     0.03084,      0.0217,     -0.0433
        12.6,      1.5741,     0.03126,     0.02216,     -0.0428
        12.7,       1.579,     0.03169,     0.02264,     -0.0424
        12.8,      1.5835,     0.03216,     0.02315,     -0.0419
        12.9,      1.5878,     0.03264,     0.02367,     -0.0415
          13,      1.5922,     0.03313,      0.0242,      -0.041
        13.1,      1.5966,     0.03363,     0.02474,     -0.0406
        13.2,      1.6009,     0.03413,     0.02528,     -0.0402
        13.3,      1.6051,     0.03465,     0.02585,     -0.0398
        13.4,      1.6088,     0.03522,     0.02645,     -0.0394
        13.5,      1.6124,      0.0358,     0.02707,      -0.039
        13.6,      1.6159,      0.0364,     0.02771,     -0.0386
        13.7,      1.6192,     0.03702,     0.02837,     -0.0383
        13.8,      1.6223,     0.03767,     0.02906,     -0.0379
        13.9,      1.6249,     0.03839,     0.02982,     -0.0376
          14,       1.627,     0.03915,     0.03062,     -0.0372
        14.1,      1.6292,     0.03992,     0.03142,     -0.0369
        14.2,      1.6313,     0.04071,     0.03224,     -0.0366
        14.3,      1.6334,     0.04151,     0.03307,     -0.0363
        14.4,       1.635,     0.04237,     0.03398,     -0.0361
        14.5,      1.6365,     0.04326,     0.03491,     -0.0358
        14.6,      1.6382,     0.04412,     0.03581,     -0.0356
        14.7,      1.6401,     0.04498,     0.03671,     -0.0354
        14.8,      1.6417,     0.04587,     0.03764,     -0.0352
        14.9,      1.6424,     0.04687,     0.03868,     -0.0351
          15,      1.6432,     0.04787,     0.03972,     -0.0349
        15.1,      1.6442,     0.04885,     0.04075,     -0.0348
        15.2,      1.6451,     0.04984,     0.04178,     -0.0347
        15.3,      1.6457,     0.05088,     0.04287,     -0.0346
        15.4,      1.6455,     0.05206,     0.04409,     -0.0346
        15.5,      1.6453,     0.05323,     0.04531,     -0.0345
        15.6,      1.6454,     0.05438,      0.0465,     -0.0345
        15.7,      1.6454,     0.05554,      0.0477,     -0.0345
        15.8,      1.6444,     0.05687,     0.04908,     -0.0346
        15.9,      1.6433,     0.05823,     0.05049,     -0.0348
          16,      1.6426,     0.05954,     0.05184,     -0.0349
        16.1,       1.642,     0.06084,     0.05319,      -0.035
        16.2,       1.641,     0.06222,     0.05462,     -0.0352
        16.3,      1.6392,     0.06374,     0.05619,     -0.0354
        16.4,      1.6379,     0.06517,     0.05768,     -0.0356
        16.5,      1.6368,     0.06658,     0.05913,     -0.0358
        16.6,      1.6357,       0.068,     0.06061,     -0.0361
        16.7,      1.6329,     0.06971,     0.06237,     -0.0364
        16.9,           0,         nan,         nan,           0
          17,         nan,         nan,         nan,         nan
        17.1,         nan,         nan,         nan,         nan
        17.2,         nan,         nan,         nan,         nan
        17.3,         nan,         nan,         nan,         nan
        17.4,         nan,         nan,         nan,         nan
        17.5,         nan,         nan,         nan,         nan
        17.6,         nan,         nan,         nan,         nan
        17.7,         nan,         nan,         nan,         nan
        17.8,         nan,         nan,         nan,         nan
        17.9,         nan,         nan,         nan,         nan
          18,         nan,         nan,         nan,         nan
        18.1,         nan,         nan,         nan,         nan
        18.2,         nan,         nan,         nan,         nan
        18.3,         nan,         nan,         nan,         nan
        18.4,         nan,         nan,         nan,         nan
        18.5,         nan,         nan,         nan,         nan
        18.6,         nan,         nan,         nan,         nan
        18.7,         nan,         nan,         nan,         nan
        18.8,         nan,         nan,         nan,         nan
        18.9,         nan,         nan,         nan,         nan
          19,         nan,         nan,         nan,         nan
        19.1,         nan,         nan,         nan,         nan
        19.2,         nan,         nan,         nan,         nan
        19.3,         nan,         nan,         nan,         nan
        19.4,         nan,         nan,         nan,         nan
        19.5,         nan,         nan,         nan,         nan
        19.6,         nan,         nan,         nan,         nan
        19.7,         nan,         nan,         nan,         nan
        19.8,         nan,         nan,         nan,         nan
        19.9,         nan,         nan,         nan,         nan
          20,         nan,         nan,         nan,         nan
