st3
Re        4e+05
M            0
N            1
VACC            0 VACCflag 1
XTR         0.05         0.05 XTRflag 1
alpha,cl,cd,cdp,cm
       -10.1,     -0.6572,     0.03558,     0.02906,     -0.0737
         -10,     -0.6548,      0.0322,     0.02537,      -0.075
        -9.9,     -0.6479,     0.03065,     0.02364,     -0.0755
        -9.8,       -0.64,     0.02949,     0.02234,     -0.0758
        -9.7,     -0.6315,     0.02854,     0.02126,     -0.0761
        -9.6,     -0.6226,     0.02772,     0.02032,     -0.0763
        -9.5,     -0.6134,       0.027,     0.01948,     -0.0765
        -9.4,     -0.6039,     0.02634,     0.01872,     -0.0766
        -9.3,     -0.5943,     0.02574,     0.01802,     -0.0767
        -9.2,     -0.5844,      0.0252,     0.01738,     -0.0769
        -9.1,     -0.5744,     0.02469,     0.01678,      -0.077
          -9,     -0.5643,     0.02422,     0.01621,     -0.0771
        -8.9,     -0.5541,     0.02377,     0.01569,     -0.0771
        -8.8,     -0.5438,     0.02336,     0.01519,     -0.0772
        -8.7,     -0.5334,     0.02296,     0.01471,     -0.0773
        -8.6,     -0.5229,     0.02259,     0.01426,     -0.0774
        -8.5,     -0.5123,     0.02224,     0.01384,     -0.0774
        -8.4,     -0.5017,      0.0219,     0.01343,     -0.0775
        -8.3,      -0.491,     0.02159,     0.01304,     -0.0776
        -8.2,     -0.4802,     0.02128,     0.01266,     -0.0776
        -8.1,     -0.4694,     0.02099,      0.0123,     -0.0777
          -8,     -0.4586,     0.02071,     0.01196,     -0.0777
        -7.9,     -0.4477,     0.02045,     0.01163,     -0.0778
        -7.8,     -0.4367,     0.02019,     0.01132,     -0.0778
        -7.7,     -0.4257,     0.01995,     0.01101,     -0.0779
        -7.6,     -0.4147,     0.01972,     0.01072,     -0.0779
        -7.5,     -0.4037,     0.01949,     0.01044,      -0.078
        -7.4,     -0.3926,     0.01928,     0.01017,     -0.0781
        -7.3,     -0.3815,     0.01907,      0.0099,     -0.0781
        -7.2,     -0.3704,     0.01887,     0.00965,     -0.0782
        -7.1,     -0.3592,     0.01868,      0.0094,     -0.0782
          -7,     -0.3481,     0.01849,     0.00917,     -0.0783
        -6.9,     -0.3369,     0.01831,     0.00894,     -0.0783
        -6.8,     -0.3256,     0.01814,     0.00872,     -0.0783
        -6.7,     -0.3144,     0.01798,      0.0085,     -0.0784
        -6.6,     -0.3032,     0.01782,      0.0083,     -0.0784
        -6.5,     -0.2919,     0.01766,      0.0081,     -0.0785
        -6.4,     -0.2806,     0.01751,      0.0079,     -0.0785
        -6.3,     -0.2693,     0.01737,     0.00772,     -0.0786
        -6.2,      -0.258,     0.01723,     0.00754,     -0.0786
        -6.1,     -0.2466,      0.0171,     0.00736,     -0.0787
          -6,     -0.2353,     0.01697,      0.0072,     -0.0787
        -5.9,      -0.224,     0.01685,     0.00703,     -0.0788
        -5.8,     -0.2126,     0.01672,     0.00687,     -0.0788
        -5.7,     -0.2012,     0.01661,     0.00672,     -0.0789
        -5.6,     -0.1899,      0.0165,     0.00657,     -0.0789
        -5.5,     -0.1785,     0.01639,     0.00644,      -0.079
        -5.4,     -0.1671,     0.01628,     0.00629,      -0.079
        -5.3,     -0.1557,     0.01617,     0.00616,     -0.0791
        -5.2,     -0.1443,     0.01607,     0.00602,     -0.0791
        -5.1,     -0.1328,     0.01598,     0.00589,     -0.0792
          -5,     -0.1214,     0.01588,     0.00577,     -0.0792
        -4.9,       -0.11,     0.01579,     0.00564,     -0.0792
        -4.8,     -0.0986,     0.01571,     0.00553,     -0.0793
        -4.7,     -0.0871,     0.01562,     0.00542,     -0.0793
        -4.6,     -0.0757,     0.01554,     0.00531,     -0.0794
        -4.5,     -0.0642,     0.01546,     0.00521,     -0.0794
        -4.4,     -0.0528,     0.01539,     0.00511,     -0.0795
        -4.3,     -0.0413,     0.01532,     0.00501,     -0.0795
        -4.2,     -0.0299,     0.01525,     0.00492,     -0.0796
        -4.1,     -0.0184,     0.01519,     0.00483,     -0.0796
          -4,      -0.007,     0.01513,     0.00475,     -0.0797
        -3.9,      0.0045,     0.01507,     0.00467,     -0.0797
        -3.8,      0.0159,     0.01501,     0.00459,     -0.0798
        -3.7,      0.0274,     0.01494,      0.0045,     -0.0798
        -3.6,      0.0389,     0.01488,     0.00442,     -0.0799
        -3.5,      0.0503,     0.01476,     0.00432,     -0.0799
        -3.4,      0.0617,     0.01472,     0.00425,       -0.08
        -3.3,      0.0732,     0.01466,     0.00419,       -0.08
        -3.2,      0.0847,     0.01461,     0.00412,     -0.0801
        -3.1,      0.0961,     0.01455,     0.00406,     -0.0801
          -3,      0.1076,     0.01451,     0.00401,     -0.0802
        -2.9,       0.119,     0.01446,     0.00396,     -0.0802
        -2.8,      0.1305,     0.01442,     0.00391,     -0.0803
        -2.7,       0.142,     0.01439,     0.00387,     -0.0803
        -2.6,      0.1534,     0.01436,     0.00382,     -0.0804
        -2.5,      0.1649,     0.01434,     0.00373,     -0.0804
        -2.4,      0.1764,     0.01431,     0.00369,     -0.0805
        -2.3,      0.1879,     0.01428,     0.00366,     -0.0805
        -2.2,      0.1993,     0.01426,     0.00363,     -0.0805
        -2.1,      0.2108,     0.01423,     0.00359,     -0.0806
          -2,      0.2222,     0.01421,     0.00357,     -0.0806
        -1.9,      0.2337,     0.01419,     0.00354,     -0.0807
        -1.8,      0.2451,     0.01417,     0.00352,     -0.0807
        -1.7,      0.2565,     0.01417,      0.0035,     -0.0808
        -1.6,       0.268,     0.01416,     0.00348,     -0.0808
        -1.5,      0.2794,     0.01416,     0.00346,     -0.0808
        -1.4,      0.2909,     0.01416,     0.00345,     -0.0809
        -1.3,      0.3023,     0.01415,     0.00344,     -0.0809
        -1.2,      0.3137,     0.01415,     0.00343,      -0.081
        -1.1,      0.3251,     0.01415,     0.00342,      -0.081
          -1,      0.3365,     0.01415,     0.00341,      -0.081
        -0.9,      0.3479,     0.01416,     0.00341,     -0.0811
        -0.8,      0.3593,     0.01417,     0.00341,     -0.0811
        -0.7,      0.3707,     0.01419,     0.00341,     -0.0811
        -0.6,      0.3821,     0.01421,     0.00341,     -0.0812
        -0.5,      0.3935,     0.01423,     0.00341,     -0.0812
        -0.4,      0.4049,     0.01425,     0.00342,     -0.0812
        -0.3,      0.4162,     0.01427,     0.00342,     -0.0812
        -0.2,      0.4276,     0.01429,     0.00343,     -0.0813
        -0.1,      0.4389,     0.01431,     0.00345,     -0.0813
           0,      0.4503,     0.01434,     0.00346,     -0.0813
         0.1,      0.4616,     0.01436,     0.00347,     -0.0813
         0.2,      0.4729,     0.01439,     0.00349,     -0.0814
         0.3,      0.4842,     0.01442,     0.00351,     -0.0814
         0.4,      0.4955,     0.01445,     0.00353,     -0.0814
         0.5,      0.5068,     0.01448,     0.00355,     -0.0814
         0.6,      0.5181,     0.01451,     0.00358,     -0.0814
         0.7,      0.5293,     0.01454,      0.0036,     -0.0815
         0.8,      0.5406,     0.01458,     0.00363,     -0.0815
         0.9,      0.5518,     0.01461,     0.00366,     -0.0815
           1,      0.5631,     0.01465,     0.00369,     -0.0815
         1.1,      0.5743,     0.01469,     0.00372,     -0.0815
         1.2,      0.5855,     0.01473,     0.00376,     -0.0815
         1.3,      0.5967,     0.01476,     0.00379,     -0.0815
         1.4,      0.6079,      0.0148,     0.00383,     -0.0815
         1.5,      0.6191,     0.01485,     0.00386,     -0.0815
         1.6,      0.6303,     0.01489,      0.0039,     -0.0816
         1.7,      0.6414,     0.01493,     0.00395,     -0.0816
         1.8,      0.6525,     0.01497,     0.00401,     -0.0816
         1.9,      0.6637,     0.01502,     0.00405,     -0.0816
           2,      0.6748,     0.01507,     0.00409,     -0.0816
         2.1,      0.6859,     0.01511,     0.00413,     -0.0816
         2.2,       0.697,     0.01516,     0.00418,     -0.0816
         2.3,       0.708,     0.01521,     0.00423,     -0.0816
         2.4,      0.7191,     0.01526,     0.00427,     -0.0816
         2.5,      0.7301,     0.01532,     0.00432,     -0.0815
         2.6,      0.7412,     0.01537,     0.00438,     -0.0815
         2.7,      0.7522,     0.01542,     0.00443,     -0.0815
         2.8,      0.7632,     0.01548,     0.00448,     -0.0815
         2.9,      0.7742,     0.01553,     0.00454,     -0.0815
           3,      0.7851,     0.01559,     0.00459,     -0.0815
         3.1,      0.7961,     0.01565,     0.00465,     -0.0815
         3.2,       0.807,     0.01571,     0.00471,     -0.0814
         3.3,      0.8179,     0.01577,     0.00477,     -0.0814
         3.4,      0.8288,     0.01583,     0.00484,     -0.0814
         3.5,      0.8397,     0.01589,      0.0049,     -0.0814
         3.6,      0.8505,     0.01596,     0.00497,     -0.0813
         3.7,      0.8614,     0.01602,     0.00504,     -0.0813
         3.8,      0.8722,     0.01609,     0.00511,     -0.0813
         3.9,       0.883,     0.01616,     0.00518,     -0.0812
           4,      0.8938,     0.01622,     0.00525,     -0.0812
         4.1,      0.9045,     0.01629,     0.00533,     -0.0811
         4.2,      0.9153,     0.01636,      0.0054,     -0.0811
         4.3,       0.926,     0.01644,     0.00548,      -0.081
         4.4,      0.9367,     0.01651,     0.00556,      -0.081
         4.5,      0.9473,     0.01658,     0.00564,     -0.0809
         4.6,       0.958,     0.01666,     0.00573,     -0.0809
         4.7,      0.9686,     0.01674,     0.00585,     -0.0808
         4.8,      0.9792,     0.01681,     0.00593,     -0.0807
         4.9,      0.9898,     0.01689,     0.00602,     -0.0807
           5,      1.0003,     0.01697,     0.00611,     -0.0806
         5.1,      1.0108,     0.01705,      0.0062,     -0.0805
         5.2,      1.0213,     0.01714,     0.00629,     -0.0804
         5.3,      1.0318,     0.01722,     0.00638,     -0.0804
         5.4,      1.0422,     0.01731,     0.00648,     -0.0803
         5.5,      1.0526,     0.01739,     0.00658,     -0.0802
         5.6,       1.063,     0.01748,     0.00668,     -0.0801
         5.7,      1.0734,     0.01757,     0.00678,       -0.08
         5.8,      1.0837,     0.01766,     0.00688,     -0.0799
         5.9,      1.0939,     0.01775,     0.00701,     -0.0798
           6,      1.1042,     0.01785,     0.00711,     -0.0797
         6.1,      1.1144,     0.01794,     0.00722,     -0.0795
         6.2,      1.1246,     0.01804,     0.00734,     -0.0794
         6.3,      1.1347,     0.01814,     0.00745,     -0.0793
         6.4,      1.1448,     0.01824,     0.00757,     -0.0792
         6.5,      1.1549,     0.01834,     0.00768,      -0.079
         6.6,      1.1649,     0.01844,      0.0078,     -0.0789
         6.7,      1.1749,     0.01855,     0.00793,     -0.0787
         6.8,      1.1849,     0.01865,     0.00806,     -0.0786
         6.9,      1.1948,     0.01876,     0.00818,     -0.0784
           7,      1.2047,     0.01887,     0.00831,     -0.0783
         7.1,      1.2145,     0.01898,     0.00844,     -0.0781
         7.2,      1.2243,     0.01909,     0.00857,     -0.0779
         7.3,       1.234,      0.0192,      0.0087,     -0.0777
         7.4,      1.2437,     0.01932,     0.00884,     -0.0775
         7.5,      1.2534,     0.01944,     0.00898,     -0.0773
         7.6,      1.2629,     0.01955,     0.00912,     -0.0771
         7.7,      1.2725,     0.01968,     0.00927,     -0.0769
         7.8,      1.2819,      0.0198,     0.00941,     -0.0767
         7.9,      1.2914,     0.01992,     0.00956,     -0.0765
           8,      1.3007,     0.02005,     0.00971,     -0.0762
         8.1,        1.31,     0.02018,     0.00986,      -0.076
         8.2,      1.3193,     0.02031,     0.01002,     -0.0757
         8.3,      1.3284,     0.02044,     0.01018,     -0.0754
         8.4,      1.3375,     0.02058,     0.01034,     -0.0752
         8.5,      1.3466,     0.02071,      0.0105,     -0.0749
         8.6,      1.3555,     0.02085,     0.01067,     -0.0746
         8.7,      1.3644,       0.021,     0.01084,     -0.0743
         8.8,      1.3732,     0.02114,     0.01101,      -0.074
         8.9,      1.3819,     0.02129,     0.01118,     -0.0736
           9,      1.3905,     0.02144,     0.01136,     -0.0733
         9.1,      1.3991,     0.02159,     0.01155,     -0.0729
         9.2,      1.4075,     0.02175,     0.01173,     -0.0725
         9.3,      1.4158,     0.02191,     0.01192,     -0.0722
         9.4,       1.424,     0.02207,     0.01211,     -0.0717
         9.5,      1.4321,     0.02223,      0.0123,     -0.0713
         9.6,        1.44,     0.02239,     0.01249,     -0.0709
         9.7,      1.4478,     0.02256,     0.01269,     -0.0704
         9.8,      1.4555,     0.02273,      0.0129,     -0.0699
         9.9,       1.463,     0.02291,     0.01311,     -0.0694
          10,      1.4704,     0.02309,     0.01332,     -0.0688
        10.1,      1.4776,     0.02327,     0.01353,     -0.0683
        10.2,      1.4846,     0.02346,     0.01375,     -0.0677
        10.3,      1.4914,     0.02365,     0.01397,     -0.0671
        10.4,      1.4974,     0.02384,     0.01421,     -0.0663
        10.5,      1.5027,     0.02404,     0.01444,     -0.0654
        10.6,       1.508,     0.02425,     0.01468,     -0.0645
        10.7,      1.5138,     0.02447,     0.01493,     -0.0637
        10.8,      1.5198,      0.0247,      0.0152,      -0.063
        10.9,      1.5258,     0.02493,     0.01547,     -0.0623
          11,      1.5318,     0.02518,     0.01575,     -0.0616
        11.1,      1.5376,     0.02544,     0.01605,     -0.0609
        11.2,      1.5434,      0.0257,     0.01635,     -0.0603
        11.3,      1.5492,     0.02598,     0.01666,     -0.0596
        11.4,       1.555,     0.02626,     0.01698,      -0.059
        11.5,      1.5608,     0.02654,      0.0173,     -0.0583
        11.6,      1.5665,     0.02684,     0.01763,     -0.0577
        11.7,      1.5717,     0.02718,     0.01801,      -0.057
        11.8,      1.5766,     0.02754,      0.0184,     -0.0564
        11.9,      1.5813,     0.02793,     0.01881,     -0.0557
          12,      1.5858,     0.02832,     0.01924,      -0.055
        12.1,      1.5901,     0.02873,     0.01967,     -0.0543
        12.2,      1.5946,     0.02913,      0.0201,     -0.0537
        12.3,      1.5996,     0.02951,     0.02052,     -0.0531
        12.4,      1.6043,     0.02991,     0.02095,     -0.0525
        12.5,      1.6088,     0.03033,     0.02141,     -0.0519
        12.6,      1.6131,     0.03077,     0.02188,     -0.0513
        12.7,      1.6173,     0.03122,     0.02237,     -0.0507
        12.8,      1.6216,     0.03168,     0.02287,     -0.0501
        12.9,      1.6257,     0.03215,     0.02339,     -0.0496
          13,      1.6298,     0.03264,     0.02391,      -0.049
        13.1,      1.6335,     0.03317,     0.02448,     -0.0485
        13.2,      1.6369,     0.03372,     0.02507,     -0.0479
        13.3,      1.6402,     0.03429,     0.02567,     -0.0474
        13.4,      1.6437,     0.03485,     0.02627,     -0.0469
        13.5,      1.6471,     0.03542,     0.02688,     -0.0464
        13.6,        1.65,     0.03604,     0.02753,     -0.0459
        13.7,      1.6521,     0.03674,     0.02827,     -0.0454
        13.8,      1.6531,     0.03756,     0.02911,     -0.0448
        13.9,      1.6541,      0.0384,     0.02996,     -0.0443
          14,      1.6564,     0.03911,     0.03072,     -0.0439
        14.1,      1.6568,     0.04003,     0.03166,     -0.0434
        14.2,       1.656,     0.04109,     0.03273,     -0.0429
        14.3,      1.6558,     0.04211,     0.03378,     -0.0425
        14.4,      1.6561,     0.04308,     0.03478,     -0.0421
        14.5,      1.6552,      0.0442,     0.03592,     -0.0418
        14.6,      1.6539,     0.04538,     0.03714,     -0.0415
        14.7,      1.6537,     0.04644,     0.03823,     -0.0412
        14.8,      1.6544,     0.04742,     0.03925,      -0.041
        14.9,      1.6528,     0.04867,     0.04053,     -0.0407
          15,      1.6497,     0.05011,     0.04201,     -0.0405
        15.1,      1.6442,     0.05186,     0.04378,     -0.0404
        15.2,      1.6436,     0.05306,     0.04501,     -0.0403
        15.3,      1.6406,     0.05459,     0.04659,     -0.0403
        15.4,      1.6339,     0.05659,     0.04862,     -0.0403
        15.5,      1.6284,     0.05849,     0.05055,     -0.0404
        15.6,      1.6217,     0.06062,     0.05272,     -0.0407
        15.7,      1.6148,      0.0628,     0.05493,      -0.041
        15.8,      1.6048,     0.06542,      0.0576,     -0.0414
        15.9,      1.6012,     0.06724,     0.05947,     -0.0418
          16,       1.596,     0.06928,     0.06156,     -0.0422
        16.1,      1.5927,     0.07109,     0.06342,     -0.0426
        16.2,      1.5888,     0.07304,     0.06543,     -0.0431
        16.3,      1.5841,     0.07509,     0.06754,     -0.0436
        16.4,        1.58,     0.07708,     0.06958,     -0.0441
        16.5,      1.5758,     0.07911,     0.07168,     -0.0447
        16.6,      1.5706,     0.08135,     0.07398,     -0.0454
        16.7,      1.5656,     0.08354,     0.07623,      -0.046
        16.8,      1.5604,     0.08577,     0.07851,     -0.0467
        16.9,      1.5533,      0.0884,     0.08121,     -0.0476
          17,      1.5473,     0.09082,     0.08368,     -0.0484
        17.1,       1.542,     0.09309,     0.08602,     -0.0492
        17.2,      1.5348,     0.09573,     0.08872,     -0.0501
        17.3,       1.527,     0.09853,     0.09159,     -0.0512
        17.4,      1.5204,     0.10109,      0.0942,     -0.0521
        17.5,      1.5144,     0.10358,     0.09675,      -0.053
        17.6,      1.5057,     0.10664,     0.09988,     -0.0543
        17.7,       1.497,     0.10967,     0.10297,     -0.0555
        17.8,      1.4903,     0.11236,     0.10571,     -0.0566
        17.9,      1.4837,     0.11504,     0.10846,     -0.0577
          18,      1.4753,     0.11816,     0.11165,     -0.0591
        18.1,       1.466,     0.12141,     0.11495,     -0.0605
        18.2,      1.4599,     0.12405,     0.11766,     -0.0616
        18.3,      1.4523,     0.12704,     0.12071,      -0.063
        18.4,      1.4426,     0.13045,     0.12418,     -0.0646
        18.5,      1.4347,     0.13351,     0.12731,      -0.066
        18.6,      1.4246,     0.13708,     0.13094,     -0.0677
        18.7,      1.4138,     0.14081,     0.13473,     -0.0696
        18.8,      1.4075,     0.14363,     0.13761,      -0.071
        18.9,       1.403,     0.14609,     0.14011,     -0.0722
          19,       1.396,     0.14907,     0.14313,     -0.0737
        19.1,      1.3911,     0.15165,     0.14576,     -0.0751
        19.2,      1.3846,     0.15464,      0.1488,     -0.0767
        19.3,      1.3782,     0.15762,     0.15184,     -0.0783
        19.4,      1.3728,      0.1604,     0.15467,     -0.0798
        19.5,      1.3652,      0.1637,     0.15801,     -0.0816
        19.6,       1.359,     0.16673,     0.16109,     -0.0833
        19.7,      1.3554,     0.16919,     0.16359,     -0.0847
        19.8,      1.3494,     0.17219,     0.16664,     -0.0864
        19.9,      1.3432,      0.1753,     0.16979,     -0.0882
          20,      1.3384,     0.17807,     0.17261,     -0.0899
