st4
Re        2e+05
M            0
N            1
VACC            0 VACCflag 1
XTR         0.05         0.05 XTRflag 1
alpha,cl,cd,cdp,cm
         -20,     -0.6213,     0.24718,     0.24069,      0.0326
       -19.9,     -0.6178,     0.24588,     0.23937,      0.0319
       -19.8,     -0.6144,     0.24457,     0.23806,      0.0311
       -19.7,     -0.6109,     0.24326,     0.23674,      0.0303
       -19.6,     -0.6075,     0.24194,     0.23542,      0.0296
       -19.5,      -0.604,     0.24064,      0.2341,      0.0288
       -19.4,     -0.6006,     0.23932,     0.23278,       0.028
       -19.3,     -0.5972,     0.23801,     0.23145,      0.0273
       -19.2,     -0.5938,      0.2367,     0.23013,      0.0265
       -19.1,     -0.5903,     0.23538,     0.22881,      0.0258
         -19,     -0.5869,     0.23407,     0.22749,      0.0251
       -18.9,     -0.5835,     0.23276,     0.22618,      0.0243
       -18.8,     -0.5801,     0.23145,     0.22486,      0.0236
       -18.7,     -0.5768,     0.23014,     0.22354,      0.0229
       -18.6,     -0.5734,     0.22883,     0.22222,      0.0221
       -18.5,       -0.57,     0.22752,     0.22091,      0.0214
       -18.4,     -0.5666,     0.22621,     0.21959,      0.0207
       -18.3,     -0.5633,      0.2249,     0.21827,        0.02
       -18.2,     -0.5599,     0.22359,     0.21696,      0.0193
       -18.1,     -0.5565,     0.22227,     0.21564,      0.0185
         -18,     -0.5532,     0.22096,     0.21431,      0.0178
       -17.9,     -0.5498,     0.21964,     0.21299,      0.0171
       -17.8,     -0.5464,     0.21833,     0.21167,      0.0164
       -17.7,     -0.5431,     0.21702,     0.21035,      0.0157
       -17.6,     -0.5397,     0.21571,     0.20904,       0.015
       -17.5,     -0.5364,      0.2144,     0.20773,      0.0143
       -17.4,     -0.5331,      0.2131,     0.20642,      0.0137
       -17.3,     -0.5297,     0.21179,     0.20511,       0.013
       -17.2,     -0.5264,      0.2105,     0.20381,      0.0123
       -17.1,     -0.5231,      0.2092,      0.2025,      0.0116
         -17,     -0.5198,      0.2079,      0.2012,       0.011
       -16.9,     -0.5165,     0.20661,      0.1999,      0.0103
       -16.8,     -0.5132,     0.20532,     0.19861,      0.0096
       -16.7,     -0.5099,     0.20404,     0.19731,       0.009
       -16.6,     -0.5066,     0.20276,     0.19603,      0.0083
       -16.5,     -0.5033,     0.20148,     0.19474,      0.0077
       -16.4,     -0.5001,      0.2002,     0.19346,       0.007
       -16.3,     -0.4968,     0.19892,     0.19218,      0.0064
       -16.2,     -0.4936,     0.19765,      0.1909,      0.0058
       -16.1,     -0.4903,     0.19638,     0.18963,      0.0051
         -16,     -0.4871,     0.19511,     0.18835,      0.0045
       -15.9,     -0.4839,     0.19385,     0.18708,      0.0039
       -15.8,     -0.4807,     0.19258,     0.18581,      0.0033
       -15.7,     -0.4775,     0.19132,     0.18455,      0.0026
       -15.6,     -0.4744,     0.19006,     0.18328,       0.002
       -15.5,     -0.4712,     0.18881,     0.18202,      0.0014
       -15.4,      -0.468,     0.18755,     0.18076,      0.0008
       -15.3,     -0.4649,      0.1863,      0.1795,      0.0002
       -15.2,     -0.4618,     0.18504,     0.17824,     -0.0003
       -15.1,     -0.4587,     0.18379,     0.17698,     -0.0009
         -15,     -0.4556,     0.18254,     0.17573,     -0.0015
       -14.9,     -0.4542,     0.18032,     0.17351,     -0.0022
       -14.8,     -0.4505,     0.17939,     0.17258,     -0.0027
       -14.7,     -0.4505,     0.17629,     0.16949,     -0.0036
       -14.6,     -0.4471,     0.17521,      0.1684,     -0.0042
       -14.5,     -0.4438,      0.1741,     0.16728,     -0.0047
       -14.4,     -0.4406,     0.17296,     0.16614,     -0.0053
       -14.3,     -0.4374,     0.17179,     0.16496,     -0.0058
       -14.2,     -0.4344,     0.17057,     0.16373,     -0.0064
       -14.1,     -0.4314,     0.16928,     0.16244,      -0.007
         -14,     -0.4286,     0.16798,     0.16113,     -0.0075
       -13.9,     -0.4257,     0.16667,     0.15982,     -0.0081
       -13.8,     -0.4229,     0.16536,      0.1585,     -0.0086
       -13.7,     -0.4201,     0.16406,     0.15719,     -0.0092
       -13.6,     -0.4173,     0.16275,     0.15587,     -0.0097
       -13.5,     -0.4146,     0.16144,     0.15456,     -0.0103
       -13.4,     -0.4119,     0.16013,     0.15325,     -0.0108
       -13.3,     -0.4091,     0.15882,     0.15193,     -0.0113
       -13.2,     -0.4065,     0.15751,     0.15062,     -0.0119
       -13.1,     -0.4038,      0.1562,      0.1493,     -0.0124
         -13,     -0.4011,     0.15488,     0.14798,     -0.0129
       -12.9,     -0.3984,     0.15356,     0.14665,     -0.0134
       -12.8,     -0.3958,     0.15223,     0.14532,      -0.014
       -12.7,     -0.3931,      0.1509,     0.14399,     -0.0145
       -12.6,     -0.3905,     0.14957,     0.14265,      -0.015
       -12.5,     -0.3879,     0.14824,     0.14131,     -0.0156
       -12.4,     -0.3853,      0.1469,     0.13998,     -0.0161
       -12.3,     -0.3827,     0.14557,     0.13864,     -0.0166
       -12.2,     -0.3802,     0.14423,      0.1373,     -0.0171
       -12.1,     -0.3777,     0.14289,     0.13595,     -0.0177
         -12,     -0.3752,     0.14155,     0.13461,     -0.0182
       -11.9,     -0.3727,     0.14022,     0.13327,     -0.0187
       -11.8,     -0.3703,     0.13889,     0.13193,     -0.0192
       -11.7,     -0.3678,     0.13756,      0.1306,     -0.0197
       -11.6,     -0.3654,     0.13622,     0.12926,     -0.0202
       -11.5,     -0.3629,     0.13489,     0.12792,     -0.0208
       -11.4,     -0.3605,     0.13355,     0.12658,     -0.0213
       -11.3,      -0.358,      0.1322,     0.12523,     -0.0218
       -11.2,     -0.3556,     0.13086,     0.12389,     -0.0223
       -11.1,     -0.3532,     0.12952,     0.12254,     -0.0229
         -11,     -0.3508,     0.12817,      0.1212,     -0.0234
       -10.9,     -0.3485,     0.12683,     0.11985,     -0.0239
       -10.8,     -0.3462,     0.12549,     0.11851,     -0.0244
       -10.7,     -0.3439,     0.12415,     0.11717,      -0.025
       -10.6,     -0.3416,     0.12281,     0.11583,     -0.0255
       -10.5,     -0.3393,     0.12147,     0.11448,      -0.026
       -10.4,      -0.337,     0.12012,     0.11313,     -0.0266
       -10.3,     -0.3347,     0.11876,     0.11178,     -0.0271
       -10.2,     -0.3324,     0.11741,     0.11043,     -0.0277
       -10.1,     -0.3302,     0.11606,     0.10907,     -0.0282
         -10,      -0.328,     0.11471,     0.10772,     -0.0288
        -9.9,     -0.3257,     0.11336,     0.10637,     -0.0293
        -9.8,     -0.3236,     0.11201,     0.10502,     -0.0299
        -9.7,     -0.3214,     0.11066,     0.10367,     -0.0305
        -9.6,     -0.3193,     0.10931,     0.10232,      -0.031
        -9.5,     -0.3171,     0.10795,     0.10096,     -0.0316
        -9.4,     -0.3149,     0.10659,      0.0996,     -0.0322
        -9.3,     -0.3127,     0.10524,     0.09824,     -0.0328
        -9.2,     -0.3106,     0.10389,     0.09689,     -0.0334
        -9.1,     -0.3085,     0.10254,     0.09554,      -0.034
          -9,     -0.3064,     0.10118,     0.09418,     -0.0347
        -8.9,     -0.3044,      0.0998,     0.09281,     -0.0353
        -8.8,     -0.3023,     0.09842,     0.09144,      -0.036
        -8.7,     -0.3004,     0.09704,     0.09007,     -0.0366
        -8.6,     -0.2984,     0.09566,      0.0887,     -0.0373
        -8.5,     -0.2964,     0.09428,     0.08732,      -0.038
        -8.4,     -0.2945,     0.09289,     0.08594,     -0.0387
        -8.3,     -0.2926,     0.09149,     0.08454,     -0.0394
        -8.2,     -0.2908,     0.09009,     0.08315,     -0.0402
        -8.1,     -0.2891,     0.08869,     0.08175,     -0.0409
          -8,     -0.2874,     0.08729,     0.08036,     -0.0417
        -7.9,     -0.2861,     0.08589,     0.07897,     -0.0425
        -7.8,     -0.2854,     0.08456,     0.07765,     -0.0432
        -7.7,     -0.2846,     0.08322,     0.07632,      -0.044
        -7.6,      -0.282,     0.08168,     0.07478,     -0.0453
        -7.5,      -0.279,     0.08008,     0.07319,     -0.0468
        -7.4,     -0.2755,     0.07843,     0.07153,     -0.0485
        -7.3,     -0.2717,     0.07672,     0.06982,     -0.0503
        -7.2,     -0.2674,     0.07494,     0.06804,     -0.0522
        -7.1,     -0.2627,      0.0731,     0.06619,     -0.0543
          -7,     -0.2575,     0.07118,     0.06426,     -0.0565
        -6.9,     -0.2517,     0.06916,     0.06223,     -0.0589
        -6.8,     -0.2454,     0.06704,     0.06009,     -0.0614
        -6.4,     -0.1961,      0.0276,     0.01881,     -0.1019
        -6.3,     -0.1843,     0.02555,     0.01644,     -0.1031
        -6.2,     -0.1729,     0.02448,     0.01515,     -0.1037
        -6.1,     -0.1616,     0.02368,     0.01418,     -0.1041
          -6,     -0.1503,     0.02304,     0.01339,     -0.1044
        -5.9,      -0.139,      0.0225,     0.01272,     -0.1047
        -5.8,     -0.1277,     0.02202,     0.01212,     -0.1049
        -5.7,     -0.1164,     0.02159,     0.01158,     -0.1051
        -5.6,     -0.1051,      0.0212,      0.0111,     -0.1053
        -5.5,     -0.0939,     0.02085,     0.01066,     -0.1055
        -5.4,     -0.0826,     0.02053,     0.01025,     -0.1056
        -5.3,     -0.0713,     0.02024,     0.00987,     -0.1057
        -5.2,     -0.0601,     0.01997,     0.00952,     -0.1059
        -5.1,     -0.0488,     0.01973,     0.00921,      -0.106
          -5,     -0.0375,     0.01951,     0.00891,     -0.1061
        -4.9,     -0.0263,      0.0193,     0.00863,     -0.1061
        -4.8,      -0.015,      0.0191,     0.00838,     -0.1062
        -4.7,     -0.0037,     0.01892,     0.00812,     -0.1063
        -4.6,      0.0076,     0.01875,     0.00787,     -0.1063
        -4.5,      0.0188,     0.01858,     0.00765,     -0.1064
        -4.4,      0.0301,     0.01843,     0.00744,     -0.1064
        -4.3,      0.0414,     0.01828,     0.00724,     -0.1065
        -4.2,      0.0526,     0.01814,     0.00705,     -0.1065
        -4.1,      0.0639,     0.01801,     0.00686,     -0.1065
          -4,      0.0752,     0.01789,     0.00669,     -0.1066
        -3.9,      0.0864,     0.01777,     0.00651,     -0.1066
        -3.8,      0.0977,     0.01766,     0.00634,     -0.1066
        -3.7,      0.1089,     0.01755,      0.0062,     -0.1067
        -3.6,      0.1202,     0.01745,     0.00605,     -0.1067
        -3.5,      0.1314,     0.01735,     0.00592,     -0.1067
        -3.4,      0.1427,     0.01726,     0.00579,     -0.1067
        -3.3,      0.1539,     0.01718,     0.00566,     -0.1067
        -3.2,      0.1652,      0.0171,     0.00554,     -0.1067
        -3.1,      0.1764,     0.01703,     0.00543,     -0.1067
          -3,      0.1876,     0.01696,     0.00532,     -0.1067
        -2.9,      0.1988,      0.0169,     0.00522,     -0.1067
        -2.8,        0.21,     0.01683,     0.00512,     -0.1067
        -2.7,      0.2213,     0.01676,     0.00495,     -0.1067
        -2.6,      0.2325,      0.0167,     0.00486,     -0.1067
        -2.5,      0.2436,     0.01665,     0.00479,     -0.1067
        -2.4,      0.2548,      0.0166,     0.00471,     -0.1067
        -2.3,       0.266,     0.01656,     0.00464,     -0.1067
        -2.2,      0.2772,     0.01652,     0.00457,     -0.1067
        -2.1,      0.2884,     0.01648,     0.00451,     -0.1067
          -2,      0.2995,     0.01644,     0.00445,     -0.1067
        -1.9,      0.3107,     0.01641,      0.0044,     -0.1067
        -1.8,      0.3218,     0.01638,     0.00435,     -0.1067
        -1.7,      0.3329,     0.01635,      0.0043,     -0.1067
        -1.6,      0.3441,     0.01633,     0.00426,     -0.1067
        -1.5,      0.3552,      0.0163,     0.00423,     -0.1067
        -1.4,      0.3663,     0.01628,     0.00419,     -0.1066
        -1.3,      0.3774,     0.01628,     0.00416,     -0.1066
        -1.2,      0.3885,     0.01627,     0.00413,     -0.1066
        -1.1,      0.3996,     0.01627,      0.0041,     -0.1066
          -1,      0.4107,     0.01628,     0.00407,     -0.1065
        -0.9,      0.4217,     0.01628,     0.00405,     -0.1065
        -0.8,      0.4328,     0.01629,     0.00404,     -0.1065
        -0.7,      0.4438,      0.0163,     0.00402,     -0.1064
        -0.6,      0.4549,     0.01631,     0.00401,     -0.1064
        -0.5,      0.4659,     0.01632,     0.00401,     -0.1063
        -0.4,      0.4769,     0.01634,     0.00401,     -0.1063
        -0.3,      0.4879,     0.01636,       0.004,     -0.1063
        -0.2,      0.4989,     0.01638,     0.00401,     -0.1062
        -0.1,      0.5099,      0.0164,     0.00401,     -0.1062
           0,      0.5208,     0.01643,     0.00402,     -0.1061
         0.1,      0.5318,     0.01645,     0.00403,     -0.1061
         0.2,      0.5427,     0.01648,     0.00405,      -0.106
         0.3,      0.5537,     0.01651,     0.00406,      -0.106
         0.4,      0.5646,     0.01654,     0.00408,     -0.1059
         0.5,      0.5755,     0.01658,      0.0041,     -0.1059
         0.6,      0.5864,     0.01661,     0.00412,     -0.1058
         0.7,      0.5973,     0.01665,     0.00415,     -0.1058
         0.8,      0.6081,     0.01669,     0.00418,     -0.1057
         0.9,       0.619,     0.01673,     0.00421,     -0.1056
           1,      0.6298,     0.01677,     0.00425,     -0.1056
         1.1,      0.6406,     0.01681,     0.00428,     -0.1055
         1.2,      0.6514,     0.01686,     0.00432,     -0.1054
         1.3,      0.6622,     0.01691,     0.00436,     -0.1054
         1.4,       0.673,     0.01695,     0.00441,     -0.1053
         1.5,      0.6837,       0.017,     0.00449,     -0.1052
         1.6,      0.6945,     0.01705,     0.00453,     -0.1051
         1.7,      0.7052,     0.01711,     0.00457,     -0.1051
         1.8,      0.7159,     0.01716,     0.00462,      -0.105
         1.9,      0.7266,     0.01722,     0.00467,     -0.1049
           2,      0.7373,     0.01727,     0.00472,     -0.1048
         2.1,      0.7479,     0.01733,     0.00477,     -0.1047
         2.2,      0.7585,     0.01739,     0.00483,     -0.1046
         2.3,      0.7691,     0.01746,     0.00488,     -0.1045
         2.4,      0.7797,     0.01752,     0.00494,     -0.1044
         2.5,      0.7903,     0.01759,     0.00501,     -0.1043
         2.6,      0.8008,     0.01766,     0.00507,     -0.1042
         2.7,      0.8114,     0.01772,     0.00514,     -0.1041
         2.8,      0.8219,     0.01779,     0.00521,      -0.104
         2.9,      0.8324,     0.01787,     0.00528,     -0.1039
           3,      0.8429,     0.01794,     0.00535,     -0.1038
         3.1,      0.8533,     0.01801,     0.00543,     -0.1037
         3.2,      0.8637,     0.01809,      0.0055,     -0.1035
         3.3,      0.8741,     0.01816,     0.00558,     -0.1034
         3.4,      0.8845,     0.01824,     0.00566,     -0.1033
         3.5,      0.8949,     0.01832,     0.00575,     -0.1032
         3.6,      0.9052,     0.01841,     0.00583,      -0.103
         3.7,      0.9155,     0.01849,     0.00592,     -0.1029
         3.8,      0.9258,     0.01858,     0.00602,     -0.1027
         3.9,       0.936,     0.01866,     0.00611,     -0.1026
           4,      0.9462,     0.01875,     0.00621,     -0.1024
         4.1,      0.9564,     0.01884,     0.00631,     -0.1023
         4.2,      0.9665,     0.01894,     0.00641,     -0.1021
         4.3,      0.9766,     0.01903,     0.00651,     -0.1019
         4.4,      0.9867,     0.01913,     0.00661,     -0.1018
         4.5,      0.9968,     0.01922,     0.00672,     -0.1016
         4.6,      1.0068,     0.01932,      0.0069,     -0.1014
         4.7,      1.0168,     0.01942,     0.00701,     -0.1012
         4.8,      1.0268,     0.01952,     0.00712,      -0.101
         4.9,      1.0368,     0.01962,     0.00724,     -0.1008
           5,      1.0467,     0.01973,     0.00735,     -0.1007
         5.1,      1.0566,     0.01983,     0.00748,     -0.1005
         5.2,      1.0665,     0.01994,      0.0076,     -0.1003
         5.3,      1.0763,     0.02005,     0.00773,        -0.1
         5.4,      1.0861,     0.02017,     0.00786,     -0.0998
         5.5,      1.0958,     0.02028,     0.00799,     -0.0996
         5.6,      1.1055,      0.0204,     0.00812,     -0.0994
         5.7,      1.1152,     0.02051,     0.00826,     -0.0992
         5.8,      1.1248,     0.02063,      0.0084,     -0.0989
         5.9,      1.1344,     0.02076,     0.00857,     -0.0987
           6,       1.144,     0.02088,     0.00871,     -0.0984
         6.1,      1.1535,     0.02101,     0.00886,     -0.0982
         6.2,      1.1629,     0.02113,     0.00901,     -0.0979
         6.3,      1.1723,     0.02126,     0.00916,     -0.0976
         6.4,      1.1817,     0.02139,     0.00932,     -0.0974
         6.5,       1.191,     0.02153,     0.00948,     -0.0971
         6.6,      1.2003,     0.02166,     0.00964,     -0.0968
         6.7,      1.2095,      0.0218,      0.0098,     -0.0965
         6.8,      1.2187,     0.02194,     0.00997,     -0.0962
         6.9,      1.2278,     0.02208,     0.01015,     -0.0959
           7,      1.2369,     0.02222,     0.01032,     -0.0956
         7.1,      1.2459,     0.02237,      0.0105,     -0.0952
         7.2,      1.2549,     0.02252,     0.01068,     -0.0949
         7.3,      1.2638,     0.02267,     0.01086,     -0.0946
         7.4,      1.2726,     0.02283,     0.01105,     -0.0942
         7.5,      1.2814,     0.02298,     0.01123,     -0.0939
         7.6,      1.2901,     0.02314,     0.01143,     -0.0935
         7.7,      1.2987,     0.02331,     0.01162,     -0.0931
         7.8,      1.3073,     0.02347,     0.01184,     -0.0927
         7.9,      1.3158,     0.02364,     0.01204,     -0.0923
           8,      1.3242,     0.02382,     0.01225,     -0.0919
         8.1,      1.3325,     0.02399,     0.01246,     -0.0915
         8.2,      1.3408,     0.02417,     0.01268,      -0.091
         8.3,      1.3489,     0.02435,     0.01289,     -0.0906
         8.4,       1.357,     0.02454,     0.01312,     -0.0901
         8.5,       1.365,     0.02473,     0.01334,     -0.0897
         8.6,      1.3728,     0.02491,     0.01358,     -0.0892
         8.7,      1.3805,     0.02511,     0.01381,     -0.0887
         8.8,      1.3881,     0.02531,     0.01405,     -0.0881
         8.9,      1.3956,     0.02551,     0.01429,     -0.0876
           9,       1.403,     0.02571,     0.01454,      -0.087
         9.1,      1.4103,     0.02592,     0.01479,     -0.0865
         9.2,      1.4174,     0.02613,     0.01504,     -0.0859
         9.3,      1.4245,     0.02635,      0.0153,     -0.0853
         9.4,      1.4312,     0.02657,     0.01557,     -0.0846
         9.5,      1.4375,     0.02679,     0.01584,     -0.0839
         9.6,      1.4434,     0.02701,     0.01611,      -0.083
         9.7,       1.449,     0.02724,     0.01639,     -0.0822
         9.8,      1.4549,     0.02748,     0.01668,     -0.0814
         9.9,      1.4609,     0.02774,     0.01697,     -0.0807
          10,       1.467,       0.028,     0.01728,     -0.0799
        10.1,       1.473,     0.02826,      0.0176,     -0.0792
        10.2,       1.479,     0.02854,     0.01793,     -0.0785
        10.3,      1.4849,     0.02882,     0.01826,     -0.0778
        10.4,      1.4908,     0.02911,      0.0186,     -0.0771
        10.5,      1.4965,     0.02941,     0.01895,     -0.0764
        10.6,      1.5022,     0.02971,      0.0193,     -0.0757
        10.7,      1.5078,     0.03003,     0.01967,      -0.075
        10.8,      1.5134,     0.03035,     0.02004,     -0.0743
        10.9,      1.5189,     0.03068,     0.02043,     -0.0736
          11,      1.5244,     0.03102,     0.02083,      -0.073
        11.1,      1.5297,     0.03137,     0.02123,     -0.0723
        11.2,      1.5349,     0.03174,     0.02165,     -0.0716
        11.3,      1.5398,     0.03212,     0.02208,     -0.0709
        11.4,      1.5443,     0.03253,     0.02253,     -0.0702
        11.5,      1.5487,     0.03295,       0.023,     -0.0694
        11.6,      1.5529,      0.0334,     0.02349,     -0.0687
        11.7,      1.5571,     0.03386,     0.02398,      -0.068
        11.8,      1.5612,     0.03433,     0.02449,     -0.0673
        11.9,      1.5653,      0.0348,     0.02501,     -0.0666
          12,      1.5693,     0.03529,     0.02554,     -0.0659
        12.1,       1.573,      0.0358,      0.0261,     -0.0652
        12.2,      1.5765,     0.03633,     0.02668,     -0.0645
        12.3,      1.5798,     0.03688,     0.02728,     -0.0639
        12.4,      1.5832,     0.03743,     0.02788,     -0.0632
        12.5,       1.587,     0.03795,     0.02845,     -0.0626
        12.6,      1.5907,     0.03848,     0.02904,     -0.0619
        12.7,      1.5941,     0.03904,     0.02966,     -0.0613
        12.8,      1.5971,     0.03963,     0.03031,     -0.0607
        12.9,         1.6,     0.04025,     0.03098,     -0.0601
          13,      1.6028,     0.04088,     0.03167,     -0.0595
        13.1,      1.6054,     0.04154,     0.03238,     -0.0589
        13.2,      1.6079,     0.04222,     0.03311,     -0.0583
        13.3,        1.61,     0.04295,     0.03388,     -0.0578
        13.4,      1.6116,     0.04372,      0.0347,     -0.0572
        13.5,      1.6131,     0.04452,     0.03555,     -0.0567
        13.6,      1.6147,     0.04533,     0.03641,     -0.0562
        13.7,      1.6161,     0.04616,     0.03728,     -0.0557
        13.8,      1.6174,       0.047,     0.03818,     -0.0552
        13.9,      1.6181,     0.04791,     0.03914,     -0.0547
          14,      1.6187,     0.04885,     0.04013,     -0.0543
        14.1,      1.6191,     0.04981,     0.04114,     -0.0539
        14.2,      1.6199,     0.05075,     0.04214,     -0.0535
        14.3,      1.6211,     0.05166,     0.04312,     -0.0531
        14.4,      1.6217,     0.05265,     0.04417,     -0.0528
        14.5,      1.6221,     0.05367,     0.04526,     -0.0525
        14.6,      1.6226,      0.0547,     0.04635,     -0.0523
        14.7,       1.623,     0.05575,     0.04747,      -0.052
        14.8,      1.6232,     0.05683,     0.04862,     -0.0518
        14.9,      1.6227,       0.058,     0.04986,     -0.0516
          15,      1.6222,     0.05921,     0.05113,     -0.0515
        15.1,      1.6216,     0.06042,     0.05241,     -0.0514
        15.2,      1.6209,     0.06165,     0.05371,     -0.0513
        15.3,      1.6197,     0.06297,      0.0551,     -0.0512
        15.4,       1.618,     0.06439,     0.05659,     -0.0512
        15.5,      1.6164,     0.06581,     0.05809,     -0.0513
        15.6,      1.6147,     0.06726,     0.05961,     -0.0513
        15.7,      1.6124,     0.06884,     0.06125,     -0.0515
        15.8,      1.6094,     0.07054,     0.06302,     -0.0517
        15.9,      1.6065,     0.07226,      0.0648,      -0.052
          16,      1.6036,     0.07397,     0.06657,     -0.0523
        16.1,      1.5997,      0.0759,     0.06857,     -0.0527
        16.2,      1.5957,     0.07786,     0.07059,     -0.0531
        16.3,      1.5915,     0.07987,     0.07266,     -0.0536
        16.4,       1.587,     0.08195,     0.07481,     -0.0542
        16.5,      1.5814,     0.08425,     0.07717,     -0.0549
        16.6,      1.5758,     0.08656,     0.07954,     -0.0556
        16.7,      1.5696,       0.089,     0.08204,     -0.0564
        16.8,      1.5633,     0.09151,     0.08463,     -0.0573
        16.9,       1.556,     0.09422,      0.0874,     -0.0583
          17,      1.5496,     0.09679,     0.09004,     -0.0593
        17.1,      1.5417,     0.09973,     0.09305,     -0.0605
        17.2,       1.535,     0.10243,     0.09583,     -0.0616
        17.3,       1.527,     0.10542,     0.09889,     -0.0628
        17.4,      1.5186,     0.10856,     0.10212,     -0.0642
        17.5,      1.5098,     0.11177,     0.10539,     -0.0657
        17.6,      1.5007,     0.11514,     0.10885,     -0.0673
        17.7,       1.491,     0.11863,     0.11242,      -0.069
        17.8,      1.4826,     0.12189,     0.11576,     -0.0705
        17.9,      1.4714,     0.12579,     0.11974,     -0.0725
          18,       1.462,     0.12932,     0.12335,     -0.0743
        18.1,      1.4507,     0.13332,     0.12743,     -0.0763
        18.2,      1.4398,     0.13733,     0.13152,     -0.0784
        18.3,      1.4276,     0.14168,     0.13595,     -0.0808
        18.4,      1.4174,      0.1456,     0.13995,     -0.0829
        18.5,      1.4081,     0.14932,     0.14373,     -0.0849
        18.6,      1.3983,      0.1532,     0.14767,     -0.0871
        18.7,      1.3875,     0.15741,     0.15196,     -0.0895
        18.8,      1.3784,     0.16124,     0.15585,     -0.0917
        18.9,      1.3692,     0.16518,     0.15984,     -0.0939
          19,       1.361,      0.1689,     0.16362,     -0.0961
        19.1,      1.3525,     0.17276,     0.16753,     -0.0984
        19.2,      1.3457,     0.17621,     0.17103,     -0.1004
        19.3,      1.3386,     0.17975,     0.17462,     -0.1026
        19.4,      1.3321,     0.18322,     0.17813,     -0.1046
        19.5,      1.3265,     0.18649,     0.18145,     -0.1066
        19.6,      1.3217,     0.18958,     0.18459,     -0.1085
        19.7,      1.3166,     0.19284,     0.18788,     -0.1105
        19.8,      1.3117,     0.19605,     0.19114,     -0.1125
        19.9,      1.3072,     0.19923,     0.19435,     -0.1145
          20,      1.3034,     0.20221,     0.19737,     -0.1163
