st8
Re        1e+05
M            0
N            1
VACC            0 VACCflag 1
XTR         0.05         0.05 XTRflag 1
alpha,cl,cd,cdp,cm
         -20,     -0.4123,     0.19072,     0.18378,      0.0004
       -19.9,       -0.41,     0.18965,     0.18268,     -0.0002
       -19.8,     -0.4076,     0.18858,     0.18159,     -0.0007
       -19.7,     -0.4052,     0.18752,     0.18052,     -0.0012
       -19.6,     -0.4029,     0.18645,     0.17944,     -0.0017
       -19.5,     -0.6794,     0.25072,     0.24287,      0.0385
       -19.4,     -0.6761,     0.24949,     0.24163,      0.0377
       -19.3,     -0.6728,     0.24824,     0.24037,       0.037
       -19.2,     -0.6694,     0.24697,     0.23909,      0.0362
       -19.1,      -0.666,     0.24569,     0.23781,      0.0355
         -19,     -0.6627,     0.24441,     0.23652,      0.0347
       -18.9,     -0.6594,     0.24312,     0.23522,       0.034
       -18.8,      -0.656,     0.24182,     0.23392,      0.0333
       -18.7,     -0.6527,     0.24052,     0.23261,      0.0325
       -18.6,     -0.6493,     0.23923,     0.23131,      0.0318
       -18.5,      -0.646,     0.23792,     0.22999,      0.0311
       -18.4,     -0.6427,     0.23662,     0.22869,      0.0304
       -18.3,     -0.6394,     0.23531,     0.22737,      0.0296
       -18.2,     -0.6361,     0.23401,     0.22606,      0.0289
         -18,     -0.6295,     0.23138,     0.22341,      0.0275
       -17.9,     -0.6262,     0.23006,     0.22208,      0.0268
       -17.8,     -0.6229,     0.22874,     0.22076,      0.0261
       -17.7,     -0.6196,     0.22742,     0.21942,      0.0254
       -17.6,     -0.6163,     0.22609,     0.21809,      0.0247
       -17.5,      -0.613,     0.22475,     0.21675,       0.024
       -17.4,     -0.6098,     0.22342,     0.21541,      0.0233
       -17.3,     -0.6065,     0.22208,     0.21406,      0.0226
       -17.2,     -0.6032,     0.22075,     0.21272,      0.0219
       -17.1,        -0.6,     0.21941,     0.21137,      0.0213
         -17,     -0.5968,     0.21806,     0.21002,      0.0206
       -16.9,     -0.5936,     0.21673,     0.20868,      0.0199
       -16.8,     -0.5904,     0.21538,     0.20732,      0.0192
       -16.7,     -0.5872,     0.21403,     0.20597,      0.0186
       -16.6,      -0.584,     0.21268,     0.20462,      0.0179
       -16.5,     -0.5808,     0.21134,     0.20326,      0.0173
       -16.4,     -0.5777,     0.20999,     0.20191,      0.0166
       -16.3,     -0.5745,     0.20864,     0.20055,       0.016
       -16.2,     -0.5714,     0.20728,     0.19919,      0.0153
       -16.1,     -0.5683,     0.20593,     0.19783,      0.0147
         -16,     -0.5652,     0.20458,     0.19648,      0.0141
       -15.9,     -0.5621,     0.20322,     0.19511,      0.0134
       -15.8,      -0.559,     0.20187,     0.19375,      0.0128
       -15.7,      -0.556,     0.20052,     0.19238,      0.0122
       -15.6,     -0.5529,     0.19916,     0.19101,      0.0116
       -15.5,     -0.5499,      0.1978,     0.18965,      0.0109
       -15.4,     -0.5469,     0.19645,     0.18829,      0.0103
       -15.3,      -0.544,     0.19509,     0.18692,      0.0097
       -15.2,      -0.541,     0.19373,     0.18555,      0.0091
       -15.1,     -0.5381,     0.19238,     0.18419,      0.0086
         -15,     -0.5352,     0.19102,     0.18283,       0.008
       -14.9,     -0.5323,     0.18966,     0.18146,      0.0074
       -14.8,     -0.5294,      0.1883,      0.1801,      0.0068
       -14.7,     -0.5265,     0.18693,     0.17873,      0.0062
       -14.6,     -0.5236,     0.18556,     0.17736,      0.0056
       -14.5,     -0.5208,      0.1842,     0.17598,      0.0051
       -14.4,     -0.5179,     0.18282,      0.1746,      0.0045
       -14.3,     -0.5151,     0.18145,     0.17323,      0.0039
       -14.2,     -0.5123,     0.18008,     0.17185,      0.0034
       -14.1,     -0.5095,      0.1787,     0.17047,      0.0028
         -14,     -0.5068,     0.17733,     0.16909,      0.0023
       -13.9,      -0.504,     0.17596,     0.16771,      0.0017
       -13.8,     -0.5013,     0.17458,     0.16634,      0.0012
       -13.7,     -0.4986,      0.1732,     0.16496,      0.0006
       -13.6,     -0.4959,     0.17183,     0.16358,      0.0001
       -13.5,     -0.4933,     0.17045,      0.1622,     -0.0005
       -13.4,     -0.4906,     0.16908,     0.16081,      -0.001
       -13.3,      -0.488,     0.16771,     0.15944,     -0.0015
       -13.2,     -0.4854,     0.16633,     0.15806,      -0.002
       -13.1,     -0.4828,     0.16497,     0.15669,     -0.0026
         -13,     -0.4802,      0.1636,     0.15532,     -0.0031
       -12.9,     -0.4777,     0.16223,     0.15395,     -0.0036
       -12.8,     -0.4751,     0.16086,     0.15258,     -0.0041
       -12.7,     -0.4726,     0.15949,      0.1512,     -0.0046
       -12.6,       -0.47,     0.15811,     0.14983,     -0.0051
       -12.5,     -0.4675,     0.15674,     0.14846,     -0.0056
       -12.4,     -0.4649,     0.15537,     0.14709,     -0.0062
       -12.3,     -0.4624,     0.15401,     0.14572,     -0.0067
       -12.2,     -0.4599,     0.15265,     0.14435,     -0.0072
       -12.1,     -0.4574,     0.15128,     0.14299,     -0.0077
         -12,     -0.4549,     0.14993,     0.14163,     -0.0082
       -11.9,     -0.4524,     0.14857,     0.14028,     -0.0087
       -11.8,       -0.45,     0.14723,     0.13893,     -0.0092
       -11.7,     -0.4475,     0.14588,     0.13758,     -0.0097
       -11.6,     -0.4451,     0.14454,     0.13624,     -0.0101
       -11.5,     -0.4426,     0.14321,     0.13491,     -0.0106
       -11.4,     -0.4402,     0.14187,     0.13357,     -0.0111
       -11.3,     -0.4377,     0.14054,     0.13224,     -0.0116
       -11.2,     -0.4351,     0.13922,     0.13091,     -0.0121
       -11.1,     -0.4327,     0.13789,     0.12958,     -0.0126
         -11,     -0.4302,     0.13657,     0.12826,     -0.0131
       -10.9,     -0.4277,     0.13525,     0.12694,     -0.0136
       -10.8,     -0.4252,     0.13394,     0.12563,     -0.0141
       -10.7,     -0.4227,     0.13262,     0.12432,     -0.0146
       -10.6,     -0.4203,     0.13132,     0.12301,     -0.0151
       -10.5,     -0.4178,     0.13001,     0.12171,     -0.0156
       -10.4,     -0.4154,     0.12871,     0.12041,     -0.0161
       -10.3,     -0.4129,     0.12741,     0.11911,     -0.0166
       -10.2,     -0.4104,      0.1261,      0.1178,     -0.0171
       -10.1,     -0.4079,      0.1248,     0.11651,     -0.0176
         -10,     -0.4072,     0.12262,     0.11436,     -0.0183
        -9.9,      -0.406,     0.12074,     0.11249,     -0.0191
        -9.8,     -0.4034,      0.1195,     0.11127,     -0.0196
        -9.7,     -0.4005,     0.11841,     0.11018,     -0.0201
        -9.6,     -0.3977,     0.11727,     0.10905,     -0.0206
        -9.5,      -0.395,     0.11606,     0.10784,     -0.0211
        -9.4,     -0.3925,      0.1148,     0.10658,     -0.0217
        -9.3,       -0.39,      0.1135,     0.10528,     -0.0222
        -9.2,     -0.3875,     0.11219,     0.10398,     -0.0228
        -9.1,     -0.3851,     0.11089,     0.10269,     -0.0233
          -9,     -0.3826,      0.1096,     0.10139,     -0.0239
        -8.9,     -0.3801,      0.1083,     0.10011,     -0.0244
        -8.8,     -0.3776,     0.10701,     0.09882,      -0.025
        -8.7,     -0.3751,     0.10573,     0.09754,     -0.0255
        -8.6,     -0.3726,     0.10444,     0.09626,     -0.0261
        -8.5,       -0.37,     0.10316,     0.09498,     -0.0267
        -8.4,     -0.3675,     0.10188,     0.09371,     -0.0273
        -8.3,      -0.365,     0.10059,     0.09243,     -0.0279
        -8.2,     -0.3625,     0.09929,     0.09112,     -0.0285
        -8.1,     -0.3599,     0.09802,     0.08985,     -0.0291
          -8,     -0.3573,     0.09675,     0.08859,     -0.0298
        -7.9,     -0.3547,     0.09548,     0.08734,     -0.0304
        -7.8,     -0.3521,     0.09422,     0.08608,     -0.0311
        -7.7,     -0.3496,     0.09296,     0.08483,     -0.0317
        -7.6,     -0.3472,     0.09172,      0.0836,     -0.0324
        -7.5,     -0.3449,     0.09051,      0.0824,      -0.033
        -7.4,     -0.3427,     0.08932,     0.08122,     -0.0337
        -7.3,     -0.3395,     0.08802,     0.07992,     -0.0347
        -7.2,     -0.3357,     0.08667,     0.07858,     -0.0358
        -7.1,     -0.3316,     0.08531,     0.07722,      -0.037
          -7,     -0.3273,     0.08392,     0.07584,     -0.0383
        -6.9,     -0.3226,     0.08251,     0.07442,     -0.0396
        -6.8,     -0.3176,     0.08107,     0.07299,      -0.041
        -6.7,     -0.3123,     0.07961,     0.07153,     -0.0425
        -6.6,     -0.3066,     0.07813,     0.07004,     -0.0441
        -6.5,     -0.3005,     0.07662,     0.06852,     -0.0458
        -6.4,      -0.294,     0.07508,     0.06697,     -0.0475
        -6.3,     -0.2871,     0.07351,     0.06539,     -0.0494
        -6.2,     -0.2798,     0.07192,     0.06379,     -0.0513
        -6.1,     -0.2721,     0.07029,     0.06215,     -0.0533
          -6,     -0.2639,     0.06864,     0.06047,     -0.0553
        -5.9,     -0.2553,     0.06696,     0.05878,     -0.0574
        -5.8,     -0.2462,     0.06525,     0.05704,     -0.0596
        -5.7,     -0.2366,     0.06351,     0.05527,     -0.0619
        -5.6,     -0.2265,     0.06173,     0.05345,     -0.0642
        -5.5,     -0.2159,     0.05991,     0.05159,     -0.0666
        -5.4,     -0.2047,     0.05805,     0.04968,     -0.0691
        -5.3,      -0.193,     0.05613,     0.04771,     -0.0716
        -5.2,     -0.1807,     0.05416,     0.04568,     -0.0742
        -5.1,     -0.1678,     0.05212,     0.04356,     -0.0769
          -5,     -0.1543,     0.05002,     0.04136,     -0.0796
        -4.9,       -0.14,      0.0478,     0.03904,     -0.0824
        -4.8,     -0.1251,     0.04544,     0.03656,     -0.0853
        -4.7,     -0.1094,     0.04291,     0.03389,     -0.0883
        -4.6,     -0.0927,     0.04009,      0.0309,     -0.0914
        -4.5,     -0.0745,     0.03671,     0.02726,     -0.0947
        -4.4,     -0.0503,     0.03027,     0.02021,     -0.0999
        -4.3,     -0.0311,      0.0259,      0.0151,     -0.1028
        -4.2,     -0.0178,     0.02456,     0.01342,     -0.1036
        -4.1,     -0.0055,     0.02365,     0.01226,      -0.104
          -4,      0.0065,     0.02297,     0.01137,     -0.1044
        -3.9,      0.0182,     0.02243,     0.01065,     -0.1046
        -3.8,      0.0299,     0.02186,     0.00988,     -0.1048
        -3.7,      0.0414,     0.02143,     0.00929,      -0.105
        -3.6,      0.0526,     0.02112,     0.00891,     -0.1051
        -3.5,      0.0639,     0.02082,     0.00852,     -0.1052
        -3.4,      0.0752,     0.02053,     0.00813,     -0.1053
        -3.3,      0.0865,     0.02024,     0.00772,     -0.1054
        -3.2,       0.098,     0.01996,     0.00708,     -0.1054
        -3.1,      0.1092,     0.01974,     0.00677,     -0.1055
          -3,      0.1204,     0.01954,      0.0065,     -0.1055
        -2.9,      0.1315,     0.01935,     0.00625,     -0.1055
        -2.8,      0.1426,     0.01918,     0.00599,     -0.1055
        -2.7,      0.1536,     0.01901,      0.0058,     -0.1056
        -2.6,      0.1646,     0.01886,     0.00559,     -0.1056
        -2.5,      0.1757,     0.01873,     0.00541,     -0.1056
        -2.4,      0.1867,      0.0186,     0.00522,     -0.1056
        -2.3,      0.1977,     0.01848,     0.00506,     -0.1055
        -2.2,      0.2087,     0.01838,      0.0049,     -0.1055
        -2.1,      0.2197,     0.01828,     0.00475,     -0.1055
          -2,      0.2306,     0.01819,     0.00462,     -0.1055
        -1.9,      0.2416,     0.01811,     0.00449,     -0.1054
        -1.8,      0.2525,     0.01803,      0.0044,     -0.1054
        -1.7,      0.2633,     0.01796,     0.00429,     -0.1054
        -1.6,      0.2742,     0.01791,     0.00419,     -0.1053
        -1.5,      0.2851,     0.01787,     0.00409,     -0.1053
        -1.4,       0.296,     0.01783,       0.004,     -0.1052
        -1.3,      0.3069,      0.0178,     0.00392,     -0.1051
        -1.2,      0.3177,     0.01778,     0.00385,     -0.1051
        -1.1,      0.3286,     0.01775,     0.00378,      -0.105
          -1,      0.3394,     0.01774,     0.00372,     -0.1049
        -0.9,      0.3502,     0.01772,     0.00367,     -0.1049
        -0.8,       0.361,     0.01771,     0.00362,     -0.1048
        -0.7,      0.3718,     0.01771,     0.00358,     -0.1047
        -0.6,      0.3825,     0.01771,     0.00354,     -0.1046
        -0.5,      0.3933,     0.01771,     0.00351,     -0.1046
        -0.4,      0.4041,     0.01772,     0.00349,     -0.1045
        -0.3,      0.4148,     0.01773,     0.00346,     -0.1044
        -0.2,      0.4257,     0.01774,     0.00345,     -0.1043
        -0.1,      0.4365,     0.01776,     0.00344,     -0.1043
           0,      0.4473,     0.01778,     0.00343,     -0.1042
         0.1,       0.458,      0.0178,     0.00343,     -0.1041
         0.2,      0.4688,     0.01782,     0.00343,      -0.104
         0.3,      0.4795,     0.01785,     0.00343,      -0.104
         0.4,      0.4903,     0.01788,     0.00345,     -0.1039
         0.5,       0.501,     0.01791,     0.00346,     -0.1038
         0.6,      0.5117,     0.01794,     0.00348,     -0.1037
         0.7,      0.5224,     0.01798,     0.00358,     -0.1037
         0.8,      0.5331,     0.01802,      0.0036,     -0.1036
         0.9,      0.5438,     0.01806,     0.00362,     -0.1035
           1,      0.5545,      0.0181,     0.00365,     -0.1034
         1.1,      0.5651,     0.01814,     0.00367,     -0.1033
         1.2,      0.5758,     0.01819,     0.00371,     -0.1032
         1.3,      0.5864,     0.01824,     0.00374,     -0.1031
         1.4,       0.597,     0.01829,     0.00378,      -0.103
         1.5,      0.6076,     0.01834,     0.00383,     -0.1029
         1.6,      0.6182,     0.01839,     0.00387,     -0.1028
         1.7,      0.6288,     0.01845,     0.00393,     -0.1027
         1.8,      0.6393,     0.01851,     0.00398,     -0.1026
         1.9,      0.6499,     0.01857,     0.00404,     -0.1025
           2,      0.6604,     0.01863,      0.0041,     -0.1024
         2.1,      0.6709,     0.01869,     0.00417,     -0.1023
         2.2,      0.6814,     0.01876,     0.00424,     -0.1022
         2.3,      0.6918,     0.01883,     0.00431,     -0.1021
         2.4,      0.7023,      0.0189,     0.00439,     -0.1019
         2.5,      0.7127,     0.01897,     0.00447,     -0.1018
         2.6,      0.7232,     0.01905,     0.00456,     -0.1017
         2.7,      0.7335,     0.01913,     0.00465,     -0.1016
         2.8,      0.7439,     0.01921,     0.00474,     -0.1014
         2.9,      0.7543,     0.01929,     0.00484,     -0.1013
           3,      0.7646,     0.01937,     0.00494,     -0.1011
         3.1,       0.775,     0.01946,     0.00505,      -0.101
         3.2,      0.7853,     0.01955,     0.00516,     -0.1008
         3.3,      0.7955,     0.01964,     0.00527,     -0.1007
         3.4,      0.8058,     0.01973,     0.00539,     -0.1005
         3.5,       0.816,     0.01983,     0.00551,     -0.1004
         3.6,      0.8262,     0.01993,     0.00564,     -0.1002
         3.7,      0.8364,     0.02003,     0.00577,     -0.1001
         3.8,      0.8466,     0.02014,     0.00591,     -0.0999
         3.9,      0.8567,     0.02024,     0.00605,     -0.0997
           4,      0.8668,     0.02035,     0.00619,     -0.0995
         4.1,       0.877,     0.02047,     0.00657,     -0.0993
         4.2,       0.887,     0.02059,     0.00673,     -0.0991
         4.3,      0.8971,     0.02071,     0.00689,     -0.0989
         4.4,      0.9071,     0.02083,     0.00706,     -0.0987
         4.5,      0.9171,     0.02095,     0.00722,     -0.0985
         4.6,       0.927,     0.02108,      0.0074,     -0.0983
         4.7,      0.9369,     0.02121,     0.00758,     -0.0981
         4.8,      0.9468,     0.02134,     0.00776,     -0.0979
         4.9,      0.9567,     0.02148,     0.00795,     -0.0977
           5,      0.9665,     0.02162,     0.00814,     -0.0975
         5.1,      0.9763,     0.02177,     0.00834,     -0.0972
         5.2,      0.9861,     0.02192,     0.00855,      -0.097
         5.3,      0.9958,     0.02207,     0.00875,     -0.0967
         5.4,      1.0055,     0.02222,     0.00901,     -0.0965
         5.5,      1.0152,     0.02239,     0.00923,     -0.0963
         5.6,      1.0248,     0.02255,     0.00946,      -0.096
         5.7,      1.0344,     0.02272,      0.0097,     -0.0957
         5.8,      1.0439,      0.0229,     0.00995,     -0.0955
         5.9,      1.0535,     0.02308,      0.0102,     -0.0952
           6,      1.0629,     0.02327,     0.01046,     -0.0949
         6.1,      1.0723,     0.02346,     0.01073,     -0.0946
         6.2,      1.0817,     0.02367,     0.01101,     -0.0943
         6.3,      1.0906,     0.02394,     0.01131,     -0.0939
         6.4,      1.0995,     0.02421,     0.01164,     -0.0936
         6.5,      1.1084,     0.02449,     0.01196,     -0.0933
         6.6,      1.1173,     0.02476,     0.01227,     -0.0929
         6.7,      1.1262,     0.02503,      0.0126,     -0.0926
         6.8,       1.135,     0.02532,     0.01293,     -0.0922
         6.9,      1.1436,     0.02563,     0.01328,     -0.0918
           7,      1.1523,     0.02594,     0.01363,     -0.0915
         7.1,      1.1609,     0.02625,     0.01399,     -0.0911
         7.2,      1.1694,     0.02659,     0.01436,     -0.0907
         7.3,      1.1779,     0.02691,     0.01476,     -0.0903
         7.4,      1.1863,     0.02725,     0.01515,     -0.0899
         7.5,      1.1945,     0.02762,     0.01556,     -0.0895
         7.6,       1.203,     0.02795,     0.01598,     -0.0891
         7.7,      1.2112,     0.02831,      0.0164,     -0.0887
         7.8,      1.2191,     0.02872,     0.01684,     -0.0882
         7.9,      1.2271,     0.02912,      0.0173,     -0.0878
           8,      1.2349,     0.02953,     0.01777,     -0.0873
         8.1,      1.2427,     0.02995,     0.01826,     -0.0869
         8.2,      1.2506,     0.03035,     0.01875,     -0.0864
         8.3,      1.2582,     0.03078,     0.01925,     -0.0859
         8.4,      1.2659,      0.0312,     0.01976,     -0.0854
         8.5,      1.2735,     0.03162,     0.02029,     -0.0849
         8.6,       1.281,     0.03206,     0.02083,     -0.0844
         8.7,      1.2883,     0.03252,     0.02139,     -0.0839
         8.8,      1.2953,       0.033,     0.02197,     -0.0833
         8.9,      1.3023,      0.0335,     0.02258,     -0.0827
           9,      1.3091,     0.03401,     0.02319,     -0.0821
         9.1,      1.3157,     0.03454,     0.02382,     -0.0815
         9.2,      1.3222,     0.03507,     0.02446,     -0.0809
         9.3,      1.3285,     0.03562,      0.0251,     -0.0803
         9.4,      1.3347,     0.03617,     0.02576,     -0.0797
         9.5,      1.3405,     0.03677,     0.02643,     -0.0791
         9.6,      1.3459,     0.03741,     0.02714,     -0.0784
         9.7,      1.3512,     0.03807,     0.02787,     -0.0777
         9.8,      1.3564,      0.0387,     0.02864,     -0.0769
         9.9,      1.3614,     0.03935,     0.02942,     -0.0762
          10,       1.366,     0.04004,     0.03022,     -0.0754
        10.1,      1.3704,     0.04074,     0.03104,     -0.0746
        10.2,      1.3744,     0.04147,     0.03188,     -0.0737
        10.3,       1.378,     0.04223,     0.03272,     -0.0729
        10.4,      1.3813,     0.04299,      0.0336,     -0.0719
        10.5,      1.3842,     0.04377,     0.03452,      -0.071
        10.6,      1.3867,     0.04458,     0.03547,       -0.07
        10.7,      1.3885,     0.04541,     0.03643,     -0.0689
        10.8,      1.3894,     0.04625,     0.03739,     -0.0677
        10.9,      1.3893,     0.04709,     0.03836,     -0.0664
          11,      1.3891,     0.04799,     0.03938,     -0.0651
        11.1,      1.3885,     0.04894,     0.04046,     -0.0639
        11.2,      1.3876,     0.04994,     0.04159,     -0.0627
        11.3,      1.3862,     0.05099,     0.04276,     -0.0615
        11.4,      1.3844,     0.05209,     0.04399,     -0.0603
        11.5,      1.3822,     0.05325,     0.04528,     -0.0592
        11.6,      1.3794,     0.05447,     0.04662,     -0.0581
        11.7,      1.3762,     0.05576,     0.04804,     -0.0571
        11.8,      1.3724,     0.05713,     0.04954,     -0.0562
        11.9,       1.368,     0.05858,     0.05111,     -0.0553
          12,      1.3631,     0.06012,     0.05278,     -0.0546
        12.1,      1.3578,     0.06176,     0.05454,      -0.054
        12.2,      1.3517,     0.06352,     0.05643,     -0.0535
        12.3,      1.3452,     0.06541,     0.05844,     -0.0532
        12.4,      1.3379,     0.06743,     0.06058,      -0.053
        12.5,      1.3302,     0.06961,     0.06288,     -0.0531
        12.6,      1.3219,     0.07199,     0.06537,     -0.0534
        12.7,      1.3129,     0.07459,     0.06807,      -0.054
        12.8,      1.3032,     0.07744,     0.07104,     -0.0549
        12.9,      1.2926,     0.08061,     0.07431,     -0.0563
          13,      1.2812,     0.08417,     0.07798,      -0.058
        13.1,      1.2684,     0.08833,     0.08223,     -0.0604
        13.2,      1.2544,     0.09318,     0.08718,     -0.0635
        13.3,      1.2376,     0.09928,     0.09338,     -0.0676
        13.4,      1.2178,     0.10705,     0.10123,     -0.0728
        13.5,      1.1962,      0.1157,     0.10995,     -0.0779
        13.6,       1.177,     0.12308,     0.11736,     -0.0818
        13.7,      1.1605,      0.1295,      0.1238,      -0.085
        13.8,      1.1458,     0.13542,     0.12972,     -0.0879
        13.9,      1.1321,     0.14119,      0.1355,     -0.0907
