st9
Re        2e+05
M            0
N            1
VACC            0 VACCflag 1
XTR         0.05         0.05 XTRflag 1
alpha,cl,cd,cdp,cm
         -20,     -0.7159,     0.25773,     0.25161,      0.0488
       -19.9,     -0.7126,     0.25641,     0.25028,       0.048
       -19.8,     -0.7092,     0.25509,     0.24895,      0.0472
       -19.7,     -0.7058,     0.25377,     0.24762,      0.0464
       -19.6,     -0.7024,     0.25244,     0.24628,      0.0457
       -19.5,     -0.6991,     0.25111,     0.24495,      0.0449
       -19.4,     -0.6957,     0.24979,     0.24362,      0.0441
       -19.3,     -0.6924,     0.24846,     0.24228,      0.0434
       -19.2,      -0.689,     0.24713,     0.24094,      0.0426
       -19.1,     -0.6857,     0.24579,      0.2396,      0.0418
         -19,     -0.6823,     0.24446,     0.23825,      0.0411
       -18.9,      -0.679,     0.24312,     0.23691,      0.0403
       -18.8,     -0.6757,     0.24178,     0.23556,      0.0396
       -18.7,     -0.6723,     0.24044,     0.23422,      0.0388
       -18.6,      -0.669,      0.2391,     0.23287,      0.0381
       -18.5,     -0.6657,     0.23776,     0.23152,      0.0374
       -18.4,     -0.6624,     0.23642,     0.23017,      0.0366
       -18.3,     -0.6591,     0.23507,     0.22882,      0.0359
       -18.2,     -0.6558,     0.23373,     0.22747,      0.0352
       -18.1,     -0.6526,     0.23238,     0.22611,      0.0345
         -18,     -0.6493,     0.23103,     0.22475,      0.0338
       -17.9,      -0.646,     0.22968,     0.22339,       0.033
       -17.8,     -0.6428,     0.22832,     0.22203,      0.0323
       -17.7,     -0.6395,     0.22696,     0.22066,      0.0316
       -17.6,     -0.6363,     0.22559,     0.21929,      0.0309
       -17.5,     -0.6331,     0.22422,     0.21791,      0.0302
       -17.4,     -0.6298,     0.22285,     0.21653,      0.0295
       -17.3,     -0.6266,     0.22147,     0.21514,      0.0288
       -17.2,     -0.6234,     0.22009,     0.21376,      0.0281
       -17.1,     -0.6203,     0.21871,     0.21237,      0.0275
         -17,     -0.6171,     0.21733,     0.21098,      0.0268
       -16.9,     -0.6139,     0.21594,     0.20959,      0.0261
       -16.8,     -0.6108,     0.21455,     0.20819,      0.0254
       -16.7,     -0.6076,     0.21316,     0.20679,      0.0247
       -16.6,     -0.6045,     0.21176,     0.20539,      0.0241
       -16.5,     -0.6014,     0.21037,     0.20399,      0.0234
       -16.4,     -0.5983,     0.20897,     0.20258,      0.0228
       -16.3,     -0.5952,     0.20757,     0.20118,      0.0221
       -16.2,     -0.5922,     0.20617,     0.19977,      0.0214
       -16.1,     -0.5891,     0.20477,     0.19836,      0.0208
         -16,     -0.5861,     0.20336,     0.19695,      0.0202
       -15.9,     -0.5831,     0.20196,     0.19554,      0.0195
       -15.8,     -0.5801,     0.20055,     0.19413,      0.0189
       -15.7,     -0.5772,     0.19914,     0.19271,      0.0183
       -15.6,     -0.5743,     0.19773,      0.1913,      0.0176
       -15.5,     -0.5714,     0.19632,     0.18988,       0.017
       -15.4,     -0.5685,     0.19491,     0.18847,      0.0164
       -15.3,     -0.5656,      0.1935,     0.18705,      0.0158
       -15.2,     -0.5628,     0.19209,     0.18563,      0.0152
       -15.1,       -0.56,     0.19067,     0.18422,      0.0146
         -15,     -0.5572,     0.18926,     0.18279,       0.014
       -14.9,     -0.5544,     0.18785,     0.18137,      0.0134
       -14.8,     -0.5517,     0.18643,     0.17995,      0.0128
       -14.7,      -0.549,     0.18501,     0.17853,      0.0122
       -14.6,     -0.5463,     0.18359,     0.17711,      0.0116
       -14.5,     -0.5435,     0.18216,     0.17567,       0.011
       -14.4,     -0.5408,     0.18073,     0.17424,      0.0105
       -14.3,     -0.5382,      0.1793,     0.17281,      0.0099
       -14.2,     -0.5355,     0.17787,     0.17137,      0.0093
       -14.1,     -0.5329,     0.17644,     0.16993,      0.0087
         -14,     -0.5303,     0.17501,      0.1685,      0.0082
       -13.9,     -0.5277,     0.17358,     0.16706,      0.0076
       -13.8,     -0.5251,     0.17215,     0.16563,      0.0071
       -13.7,     -0.5226,     0.17072,      0.1642,      0.0065
       -13.6,     -0.5201,     0.16929,     0.16277,      0.0059
       -13.5,     -0.5176,     0.16786,     0.16134,      0.0054
       -13.4,     -0.5151,     0.16644,     0.15991,      0.0049
       -13.3,     -0.5127,     0.16502,     0.15848,      0.0043
       -13.2,     -0.5102,      0.1636,     0.15706,      0.0038
       -13.1,     -0.5078,     0.16219,     0.15565,      0.0033
         -13,     -0.5055,     0.16077,     0.15423,      0.0027
       -12.9,     -0.5031,     0.15936,     0.15281,      0.0022
       -12.8,     -0.5007,     0.15795,      0.1514,      0.0017
       -12.7,     -0.4983,     0.15654,     0.14999,      0.0011
       -12.6,     -0.4959,     0.15514,     0.14858,      0.0006
       -12.5,     -0.4935,     0.15373,     0.14717,      0.0001
       -12.4,     -0.4911,     0.15233,     0.14577,     -0.0005
       -12.3,     -0.4887,     0.15094,     0.14437,      -0.001
       -12.2,     -0.4863,     0.14954,     0.14298,     -0.0015
       -12.1,      -0.484,     0.14816,     0.14159,      -0.002
         -12,     -0.4816,     0.14678,     0.14021,     -0.0025
       -11.9,     -0.4793,      0.1454,     0.13883,     -0.0031
       -11.8,      -0.477,     0.14403,     0.13746,     -0.0036
       -11.7,     -0.4747,     0.14267,      0.1361,     -0.0041
       -11.6,     -0.4723,     0.14131,     0.13474,     -0.0046
       -11.5,       -0.47,     0.13995,     0.13338,     -0.0051
       -11.4,     -0.4677,      0.1386,     0.13202,     -0.0056
       -11.3,     -0.4654,     0.13723,     0.13066,     -0.0061
       -11.2,      -0.463,     0.13588,      0.1293,     -0.0066
       -11.1,     -0.4607,     0.13453,     0.12795,     -0.0072
         -11,     -0.4583,     0.13318,      0.1266,     -0.0077
       -10.9,      -0.456,     0.13183,     0.12525,     -0.0082
       -10.8,     -0.4537,     0.13049,     0.12391,     -0.0087
       -10.7,     -0.4513,     0.12915,     0.12256,     -0.0092
       -10.6,      -0.449,     0.12782,     0.12123,     -0.0098
       -10.5,     -0.4468,     0.12648,     0.11989,     -0.0103
       -10.4,     -0.4445,     0.12515,     0.11856,     -0.0108
       -10.3,     -0.4422,     0.12381,     0.11722,     -0.0113
       -10.2,     -0.4398,     0.12247,     0.11588,     -0.0119
       -10.1,     -0.4375,     0.12113,     0.11454,     -0.0124
         -10,     -0.4352,     0.11979,     0.11321,     -0.0129
        -9.9,     -0.4329,     0.11846,     0.11188,     -0.0135
        -9.8,     -0.4306,     0.11713,     0.11054,      -0.014
        -9.7,     -0.4283,      0.1158,     0.10922,     -0.0146
        -9.6,     -0.4261,     0.11447,     0.10789,     -0.0151
        -9.5,     -0.4238,     0.11314,     0.10656,     -0.0157
        -9.4,     -0.4215,      0.1118,     0.10523,     -0.0163
        -9.3,     -0.4192,     0.11047,      0.1039,     -0.0168
        -9.2,      -0.421,     0.10761,     0.10107,     -0.0178
        -9.1,       -0.42,     0.10578,     0.09925,     -0.0186
          -9,      -0.419,       0.104,     0.09747,     -0.0194
        -8.9,     -0.4182,     0.10212,      0.0956,     -0.0203
        -8.8,     -0.4162,     0.10068,     0.09418,      -0.021
        -8.7,     -0.4135,      0.0995,       0.093,     -0.0216
        -8.6,     -0.4111,     0.09823,     0.09173,     -0.0222
        -8.5,      -0.409,     0.09684,     0.09035,     -0.0229
        -8.4,     -0.4069,     0.09543,     0.08894,     -0.0236
        -8.3,     -0.4048,     0.09402,     0.08753,     -0.0244
        -8.2,     -0.4028,      0.0926,     0.08612,     -0.0252
        -8.1,     -0.4008,     0.09118,      0.0847,      -0.026
          -8,     -0.3988,     0.08974,     0.08328,     -0.0268
        -7.9,      -0.397,     0.08832,     0.08187,     -0.0276
        -7.8,     -0.3955,     0.08694,     0.08049,     -0.0284
        -7.7,     -0.3941,     0.08558,     0.07913,     -0.0293
        -7.6,     -0.3911,     0.08402,     0.07758,     -0.0307
        -7.5,     -0.3876,     0.08241,     0.07598,     -0.0322
        -7.4,     -0.3837,     0.08076,     0.07432,     -0.0338
        -7.3,     -0.3794,     0.07905,     0.07261,     -0.0356
        -7.2,     -0.3747,      0.0773,     0.07085,     -0.0375
        -7.1,     -0.3695,     0.07548,     0.06903,     -0.0395
          -7,     -0.3639,     0.07361,     0.06715,     -0.0417
        -6.9,     -0.3578,     0.07167,      0.0652,      -0.044
        -6.8,     -0.3512,     0.06965,     0.06316,     -0.0464
        -6.7,      -0.344,     0.06751,     0.06099,      -0.049
        -6.6,     -0.3363,     0.06534,      0.0588,     -0.0517
        -6.5,     -0.3279,     0.06308,      0.0565,     -0.0545
        -6.4,     -0.3188,     0.06067,     0.05406,     -0.0575
        -6.3,      -0.309,     0.05809,     0.05143,     -0.0607
        -6.2,     -0.2983,     0.05529,     0.04856,     -0.0641
        -6.1,     -0.2866,     0.05212,     0.04531,     -0.0678
          -6,     -0.2553,     0.02622,     0.01783,     -0.0889
        -5.9,     -0.2436,     0.02434,     0.01561,     -0.0898
        -5.8,     -0.2322,     0.02321,     0.01424,     -0.0903
        -5.7,      -0.221,     0.02236,     0.01319,     -0.0907
        -5.6,     -0.2098,     0.02167,     0.01233,      -0.091
        -5.5,     -0.1987,     0.02108,     0.01158,     -0.0912
        -5.4,     -0.1875,     0.02057,     0.01092,     -0.0914
        -5.3,     -0.1763,      0.0201,      0.0103,     -0.0915
        -5.2,     -0.1652,     0.01971,     0.00979,     -0.0917
        -5.1,     -0.1541,     0.01935,     0.00932,     -0.0918
          -5,      -0.143,     0.01902,     0.00889,     -0.0919
        -4.9,     -0.1319,     0.01872,     0.00849,     -0.0919
        -4.8,     -0.1208,     0.01845,     0.00812,      -0.092
        -4.7,     -0.1097,     0.01819,     0.00777,     -0.0921
        -4.6,     -0.0986,     0.01795,     0.00745,     -0.0921
        -4.5,     -0.0875,     0.01773,     0.00715,     -0.0922
        -4.4,     -0.0764,     0.01753,     0.00687,     -0.0922
        -4.3,     -0.0653,     0.01734,     0.00661,     -0.0923
        -4.2,     -0.0542,     0.01715,     0.00635,     -0.0923
        -4.1,     -0.0432,     0.01698,     0.00613,     -0.0924
          -4,     -0.0321,     0.01683,     0.00592,     -0.0924
        -3.9,      -0.021,      0.0167,      0.0057,     -0.0924
        -3.8,     -0.0099,     0.01655,     0.00551,     -0.0925
        -3.7,      0.0012,      0.0164,     0.00532,     -0.0925
        -3.6,      0.0122,     0.01628,     0.00513,     -0.0925
        -3.5,      0.0233,     0.01614,     0.00497,     -0.0925
        -3.4,      0.0344,     0.01602,      0.0048,     -0.0925
        -3.3,      0.0455,     0.01591,     0.00464,     -0.0925
        -3.2,      0.0566,     0.01582,     0.00448,     -0.0926
        -3.1,      0.0677,     0.01573,     0.00419,     -0.0925
          -3,      0.0788,     0.01564,     0.00406,     -0.0925
        -2.9,      0.0899,     0.01555,     0.00393,     -0.0925
        -2.8,       0.101,     0.01546,     0.00382,     -0.0925
        -2.7,       0.112,     0.01538,     0.00371,     -0.0926
        -2.6,      0.1231,      0.0153,      0.0036,     -0.0926
        -2.5,      0.1341,     0.01521,      0.0035,     -0.0926
        -2.4,      0.1451,     0.01514,     0.00341,     -0.0926
        -2.3,      0.1562,     0.01505,     0.00332,     -0.0926
        -2.2,      0.1672,     0.01498,     0.00325,     -0.0926
        -2.1,      0.1783,     0.01493,     0.00317,     -0.0926
          -2,      0.1893,     0.01487,      0.0031,     -0.0926
        -1.9,      0.2003,     0.01483,     0.00304,     -0.0926
        -1.8,      0.2114,     0.01479,     0.00298,     -0.0926
        -1.7,      0.2224,     0.01476,     0.00292,     -0.0926
        -1.6,      0.2334,     0.01472,     0.00288,     -0.0926
        -1.5,      0.2444,      0.0147,     0.00283,     -0.0925
        -1.4,      0.2554,     0.01469,     0.00279,     -0.0925
        -1.3,      0.2664,     0.01468,     0.00275,     -0.0925
        -1.2,      0.2774,     0.01467,     0.00271,     -0.0925
        -1.1,      0.2884,     0.01467,     0.00268,     -0.0924
          -1,      0.2994,     0.01466,     0.00265,     -0.0924
        -0.9,      0.3104,     0.01466,     0.00262,     -0.0924
        -0.8,      0.3214,     0.01467,      0.0026,     -0.0923
        -0.7,      0.3323,     0.01467,     0.00259,     -0.0923
        -0.6,      0.3433,     0.01468,     0.00257,     -0.0923
        -0.5,      0.3542,     0.01469,     0.00256,     -0.0922
        -0.4,      0.3652,      0.0147,     0.00255,     -0.0922
        -0.3,      0.3761,     0.01471,     0.00255,     -0.0922
        -0.2,       0.387,     0.01473,     0.00255,     -0.0921
        -0.1,       0.398,     0.01474,     0.00255,     -0.0921
           0,      0.4089,     0.01476,     0.00256,     -0.0921
         0.1,      0.4198,     0.01478,     0.00256,      -0.092
         0.2,      0.4307,      0.0148,     0.00257,      -0.092
         0.3,      0.4416,     0.01482,     0.00259,     -0.0919
         0.4,      0.4524,     0.01485,      0.0026,     -0.0919
         0.5,      0.4633,     0.01487,     0.00262,     -0.0919
         0.6,      0.4742,      0.0149,     0.00265,     -0.0918
         0.7,       0.485,     0.01493,     0.00267,     -0.0918
         0.8,      0.4959,     0.01496,     0.00274,     -0.0917
         0.9,      0.5067,     0.01499,     0.00277,     -0.0917
           1,      0.5175,     0.01503,     0.00279,     -0.0916
         1.1,      0.5283,     0.01506,     0.00282,     -0.0916
         1.2,      0.5391,      0.0151,     0.00285,     -0.0915
         1.3,      0.5499,     0.01513,     0.00288,     -0.0914
         1.4,      0.5607,     0.01517,     0.00291,     -0.0914
         1.5,      0.5715,     0.01522,     0.00295,     -0.0913
         1.6,      0.5823,     0.01526,     0.00299,     -0.0913
         1.7,       0.593,      0.0153,     0.00304,     -0.0912
         1.8,      0.6037,     0.01535,     0.00308,     -0.0911
         1.9,      0.6145,      0.0154,     0.00313,     -0.0911
           2,      0.6252,     0.01545,     0.00318,      -0.091
         2.1,      0.6359,      0.0155,     0.00323,     -0.0909
         2.2,      0.6466,     0.01555,     0.00329,     -0.0908
         2.3,      0.6573,      0.0156,     0.00334,     -0.0908
         2.4,      0.6679,     0.01565,      0.0034,     -0.0907
         2.5,      0.6786,     0.01571,     0.00347,     -0.0906
         2.6,      0.6892,     0.01577,     0.00353,     -0.0905
         2.7,      0.6998,     0.01583,      0.0036,     -0.0904
         2.8,      0.7105,     0.01589,     0.00367,     -0.0904
         2.9,       0.721,     0.01595,     0.00375,     -0.0903
           3,      0.7316,     0.01602,     0.00382,     -0.0902
         3.1,      0.7422,     0.01608,      0.0039,     -0.0901
         3.2,      0.7528,     0.01615,     0.00398,       -0.09
         3.3,      0.7633,     0.01622,     0.00407,     -0.0899
         3.4,      0.7738,     0.01629,     0.00415,     -0.0898
         3.5,      0.7843,     0.01636,     0.00424,     -0.0897
         3.6,      0.7948,     0.01643,     0.00433,     -0.0896
         3.7,      0.8053,     0.01651,     0.00443,     -0.0895
         3.8,      0.8158,     0.01659,     0.00453,     -0.0893
         3.9,      0.8262,     0.01667,     0.00463,     -0.0892
           4,      0.8366,     0.01675,     0.00487,     -0.0891
         4.1,       0.847,     0.01683,     0.00498,     -0.0889
         4.2,      0.8573,     0.01692,     0.00509,     -0.0888
         4.3,      0.8677,       0.017,      0.0052,     -0.0887
         4.4,       0.878,     0.01709,     0.00532,     -0.0885
         4.5,      0.8883,     0.01718,     0.00544,     -0.0884
         4.6,      0.8986,     0.01727,     0.00556,     -0.0883
         4.7,      0.9089,     0.01737,     0.00568,     -0.0881
         4.8,      0.9192,     0.01747,     0.00581,      -0.088
         4.9,      0.9294,     0.01757,     0.00595,     -0.0878
           5,      0.9396,     0.01767,     0.00608,     -0.0877
         5.1,      0.9498,     0.01777,     0.00622,     -0.0875
         5.2,        0.96,     0.01788,      0.0064,     -0.0874
         5.3,      0.9701,     0.01799,     0.00654,     -0.0872
         5.4,      0.9803,      0.0181,      0.0067,      -0.087
         5.5,      0.9903,     0.01822,     0.00685,     -0.0868
         5.6,      1.0004,     0.01833,     0.00701,     -0.0867
         5.7,      1.0102,     0.01849,     0.00719,     -0.0865
         5.8,      1.0199,     0.01866,     0.00737,     -0.0862
         5.9,      1.0296,     0.01884,     0.00755,      -0.086
           6,      1.0392,     0.01901,     0.00774,     -0.0858
         6.1,      1.0488,      0.0192,     0.00794,     -0.0856
         6.2,      1.0586,     0.01935,     0.00813,     -0.0853
         6.3,      1.0683,      0.0195,     0.00835,     -0.0851
         6.4,       1.078,     0.01967,     0.00855,     -0.0849
         6.5,      1.0874,     0.01986,     0.00877,     -0.0846
         6.6,      1.0968,     0.02006,     0.00899,     -0.0844
         6.7,      1.1062,     0.02025,     0.00921,     -0.0841
         6.8,      1.1157,     0.02044,     0.00944,     -0.0838
         6.9,      1.1252,     0.02063,     0.00966,     -0.0836
           7,      1.1345,     0.02082,     0.00989,     -0.0833
         7.1,      1.1438,     0.02103,     0.01015,      -0.083
         7.2,      1.1529,     0.02125,      0.0104,     -0.0827
         7.3,       1.162,     0.02148,     0.01066,     -0.0824
         7.4,      1.1712,     0.02169,     0.01092,     -0.0821
         7.5,      1.1803,     0.02193,     0.01119,     -0.0818
         7.6,      1.1893,     0.02217,     0.01146,     -0.0815
         7.7,      1.1982,     0.02241,     0.01174,     -0.0812
         7.8,      1.2069,      0.0227,     0.01204,     -0.0808
         7.9,      1.2154,     0.02302,     0.01237,     -0.0805
           8,      1.2243,     0.02325,     0.01266,     -0.0801
         8.1,      1.2327,     0.02357,       0.013,     -0.0798
         8.2,      1.2408,     0.02394,     0.01337,     -0.0793
         8.3,       1.249,     0.02427,     0.01373,     -0.0789
         8.4,      1.2572,     0.02461,      0.0141,     -0.0785
         8.5,      1.2652,     0.02497,     0.01449,     -0.0781
         8.6,       1.273,     0.02537,     0.01492,     -0.0776
         8.7,      1.2807,     0.02576,     0.01535,     -0.0772
         8.8,      1.2882,     0.02617,      0.0158,     -0.0767
         8.9,      1.2961,     0.02653,      0.0162,     -0.0762
           9,      1.3042,     0.02684,     0.01657,     -0.0758
         9.1,      1.3122,     0.02716,     0.01695,     -0.0754
         9.2,      1.3201,     0.02748,     0.01734,     -0.0749
         9.3,      1.3279,     0.02782,     0.01774,     -0.0745
         9.4,      1.3356,     0.02816,     0.01815,      -0.074
         9.5,      1.3432,      0.0285,     0.01856,     -0.0735
         9.6,      1.3506,     0.02886,     0.01898,      -0.073
         9.7,       1.358,     0.02923,     0.01942,     -0.0725
         9.8,      1.3652,      0.0296,     0.01986,     -0.0719
         9.9,      1.3722,     0.02998,     0.02031,     -0.0714
          10,      1.3792,     0.03037,     0.02078,     -0.0708
        10.1,      1.3859,     0.03077,     0.02125,     -0.0703
        10.2,      1.3925,     0.03118,     0.02174,     -0.0697
        10.3,      1.3989,      0.0316,     0.02223,      -0.069
        10.4,      1.4052,     0.03203,     0.02274,     -0.0684
        10.5,      1.4113,     0.03248,     0.02326,     -0.0677
        10.6,      1.4171,     0.03293,     0.02379,     -0.0671
        10.7,      1.4227,     0.03339,     0.02433,     -0.0664
        10.8,      1.4281,     0.03387,     0.02489,     -0.0656
        10.9,      1.4333,     0.03436,     0.02546,     -0.0649
          11,      1.4382,     0.03486,     0.02604,     -0.0641
        11.1,      1.4428,     0.03537,     0.02664,     -0.0633
        11.2,       1.447,      0.0359,     0.02726,     -0.0624
        11.3,      1.4509,     0.03644,     0.02787,     -0.0615
        11.4,      1.4541,     0.03699,     0.02852,     -0.0605
        11.5,      1.4563,     0.03753,     0.02915,     -0.0593
        11.6,       1.458,      0.0381,     0.02979,     -0.0581
        11.7,        1.46,      0.0387,     0.03047,     -0.0569
        11.8,      1.4618,     0.03932,     0.03118,     -0.0558
        11.9,      1.4634,     0.03998,     0.03192,     -0.0547
          12,      1.4647,     0.04066,     0.03269,     -0.0537
        12.1,      1.4658,     0.04138,     0.03349,     -0.0526
        12.2,      1.4666,     0.04213,     0.03433,     -0.0516
        12.3,      1.4672,      0.0429,     0.03519,     -0.0505
        12.4,      1.4676,     0.04371,     0.03609,     -0.0496
        12.5,      1.4674,     0.04457,     0.03703,     -0.0486
        12.6,      1.4669,     0.04546,     0.03802,     -0.0476
        12.7,      1.4662,     0.04641,     0.03906,     -0.0467
        12.8,      1.4652,      0.0474,     0.04014,     -0.0459
        12.9,      1.4636,     0.04845,     0.04128,     -0.0451
          13,      1.4618,     0.04955,     0.04247,     -0.0443
        13.1,      1.4596,     0.05071,     0.04372,     -0.0436
        13.2,      1.4569,     0.05196,     0.04507,      -0.043
        13.3,       1.454,     0.05326,     0.04647,     -0.0425
        13.4,      1.4506,     0.05467,     0.04797,      -0.042
        13.5,      1.4468,     0.05615,     0.04955,     -0.0417
        13.6,      1.4425,     0.05774,     0.05123,     -0.0415
        13.7,      1.4375,     0.05946,     0.05305,     -0.0414
        13.8,      1.4322,      0.0613,     0.05497,     -0.0414
        13.9,      1.4263,      0.0633,     0.05707,     -0.0417
          14,        1.42,     0.06544,     0.05931,     -0.0421
        14.1,      1.4129,      0.0678,     0.06176,     -0.0428
        14.2,      1.4051,     0.07039,     0.06445,     -0.0437
        14.3,      1.3963,     0.07325,     0.06741,     -0.0449
        14.4,      1.3866,     0.07644,      0.0707,     -0.0464
        14.5,      1.3756,      0.0801,     0.07446,     -0.0483
        14.6,       1.363,     0.08433,      0.0788,     -0.0508
        14.7,      1.3479,     0.08943,     0.08399,      -0.054
        14.8,      1.3285,     0.09601,     0.09069,     -0.0583
        14.9,      1.2993,     0.10577,      0.1006,     -0.0644
          15,      1.2565,     0.11888,     0.11382,     -0.0717
        15.1,      1.2213,     0.12942,     0.12441,     -0.0771
        15.2,      1.1965,     0.13744,     0.13245,     -0.0812
        15.3,       1.177,     0.14423,     0.13928,     -0.0847
        15.4,      1.1616,     0.15008,     0.14514,     -0.0877
        15.5,       1.149,     0.15533,     0.15042,     -0.0903
        15.6,      1.1384,     0.16015,     0.15527,     -0.0928
        15.7,      1.1295,     0.16468,     0.15982,     -0.0951
        15.8,      1.1219,     0.16893,     0.16409,     -0.0972
        15.9,      1.1154,     0.17299,     0.16817,     -0.0993
          16,      1.1099,     0.17689,     0.17209,     -0.1013
        16.1,      1.1049,      0.1807,     0.17592,     -0.1032
        16.2,      1.1006,     0.18438,     0.17962,      -0.105
        16.3,      1.0968,     0.18797,     0.18322,     -0.1068
        16.4,      1.0933,     0.19153,     0.18679,     -0.1086
        16.5,      1.0902,     0.19504,     0.19031,     -0.1103
        16.6,      1.0874,     0.19849,     0.19378,      -0.112
        16.7,       1.085,      0.2019,     0.19719,     -0.1137
        16.8,      1.0827,     0.20537,     0.20067,     -0.1154
        16.9,      1.0807,     0.20878,     0.20409,     -0.1171
          17,      1.0788,     0.21232,     0.20762,     -0.1188
        17.1,      1.0776,     0.21566,     0.21095,     -0.1204
        17.2,       1.077,     0.21875,     0.21403,     -0.1219
        17.3,      1.0771,     0.22157,     0.21684,     -0.1232
        17.4,      1.0777,     0.22415,     0.21941,     -0.1245
        17.5,      1.0786,     0.22662,     0.22188,     -0.1258
        17.6,      1.0796,     0.22904,     0.22429,      -0.127
        17.7,       1.081,     0.23133,     0.22659,     -0.1281
        17.8,      1.0824,     0.23357,     0.22883,     -0.1293
        17.9,      1.0841,     0.23574,       0.231,     -0.1304
          18,      1.0858,     0.23787,     0.23312,     -0.1315
        18.1,      1.0876,        0.24,     0.23525,     -0.1326
        18.2,      1.0895,     0.24207,     0.23732,     -0.1337
        18.3,      1.0915,     0.24412,     0.23937,     -0.1347
        18.4,      1.0936,     0.24615,      0.2414,     -0.1358
        18.5,      1.0957,     0.24817,     0.24342,     -0.1369
        18.6,      1.0979,     0.25014,     0.24539,     -0.1379
        18.7,      1.1001,     0.25211,     0.24736,     -0.1389
        18.8,      1.1024,     0.25407,     0.24932,       -0.14
        18.9,      1.1048,     0.25601,     0.25126,      -0.141
          19,      1.1072,     0.25795,     0.25321,     -0.1421
        19.1,      1.1096,     0.25987,     0.25513,     -0.1431
        19.2,       1.112,     0.26179,     0.25704,     -0.1441
        19.3,      1.1146,     0.26369,     0.25894,     -0.1452
        19.4,      1.1171,     0.26559,     0.26085,     -0.1462
        19.5,      1.1197,     0.26747,     0.26273,     -0.1472
        19.6,      1.1223,     0.26935,     0.26461,     -0.1483
        19.7,      1.1249,      0.2712,     0.26646,     -0.1493
        19.8,      1.1276,     0.27304,     0.26831,     -0.1503
        19.9,      1.1303,     0.27488,     0.27016,     -0.1513
          20,       1.133,      0.2767,     0.27198,     -0.1523
