st9
Re        8e+05
M            0
N            1
VACC            0 VACCflag 1
XTR         0.05         0.05 XTRflag 1
alpha,cl,cd,cdp,cm
        -8.8,     -0.5482,     0.02471,     0.01894,     -0.0886
        -8.7,     -0.5388,     0.02297,     0.01699,     -0.0895
        -8.6,     -0.5288,     0.02192,     0.01579,       -0.09
        -8.5,     -0.5186,      0.0211,     0.01484,     -0.0903
        -8.4,     -0.5082,     0.02043,     0.01407,     -0.0906
        -8.3,     -0.4978,     0.01984,     0.01337,     -0.0909
        -8.2,     -0.4872,     0.01932,     0.01275,     -0.0911
        -8.1,     -0.4766,     0.01886,      0.0122,     -0.0913
          -8,      -0.466,     0.01842,     0.01167,     -0.0915
        -7.9,     -0.4552,     0.01803,      0.0112,     -0.0916
        -7.8,     -0.4445,     0.01767,     0.01076,     -0.0918
        -7.7,     -0.4337,     0.01733,     0.01034,     -0.0919
        -7.6,     -0.4228,     0.01701,     0.00995,     -0.0921
        -7.5,      -0.412,     0.01672,     0.00958,     -0.0922
        -7.4,     -0.4011,     0.01644,     0.00924,     -0.0923
        -7.3,     -0.3901,     0.01618,     0.00891,     -0.0924
        -7.2,     -0.3792,     0.01592,     0.00859,     -0.0925
        -7.1,     -0.3682,     0.01569,     0.00829,     -0.0926
          -7,     -0.3572,     0.01546,     0.00801,     -0.0927
        -6.9,     -0.3463,     0.01524,     0.00773,     -0.0928
        -6.8,     -0.3353,     0.01504,     0.00748,     -0.0929
        -6.7,     -0.3242,     0.01486,     0.00724,     -0.0929
        -6.6,     -0.3132,     0.01468,     0.00702,      -0.093
        -6.5,     -0.3021,     0.01452,     0.00681,     -0.0931
        -6.4,     -0.2911,     0.01436,      0.0066,     -0.0931
        -6.3,       -0.28,      0.0142,      0.0064,     -0.0932
        -6.2,     -0.2689,     0.01405,      0.0062,     -0.0933
        -6.1,     -0.2578,      0.0139,     0.00599,     -0.0933
          -6,     -0.2467,     0.01376,     0.00581,     -0.0934
        -5.9,     -0.2356,     0.01362,     0.00563,     -0.0935
        -5.8,     -0.2245,     0.01348,     0.00545,     -0.0935
        -5.7,     -0.2133,     0.01335,     0.00527,     -0.0936
        -5.6,     -0.2022,     0.01322,      0.0051,     -0.0936
        -5.5,      -0.191,      0.0131,     0.00493,     -0.0937
        -5.4,     -0.1798,     0.01298,     0.00477,     -0.0937
        -5.3,     -0.1687,     0.01287,     0.00462,     -0.0938
        -5.2,     -0.1575,     0.01276,     0.00446,     -0.0938
        -5.1,     -0.1463,     0.01266,     0.00432,     -0.0938
          -5,     -0.1351,     0.01256,     0.00419,     -0.0939
        -4.9,     -0.1239,     0.01247,     0.00406,     -0.0939
        -4.8,     -0.1128,     0.01238,     0.00394,      -0.094
        -4.7,     -0.1016,     0.01229,     0.00382,      -0.094
        -4.6,     -0.0904,     0.01221,     0.00371,      -0.094
        -4.5,     -0.0792,     0.01213,      0.0036,     -0.0941
        -4.4,      -0.068,     0.01206,      0.0035,     -0.0941
        -4.3,     -0.0568,     0.01199,      0.0034,     -0.0941
        -4.2,     -0.0456,     0.01192,      0.0033,     -0.0942
        -4.1,     -0.0344,     0.01186,     0.00321,     -0.0942
          -4,     -0.0232,      0.0118,     0.00312,     -0.0942
        -3.9,      -0.012,     0.01174,     0.00304,     -0.0943
        -3.8,     -0.0008,     0.01168,     0.00296,     -0.0943
        -3.7,      0.0104,     0.01163,     0.00288,     -0.0943
        -3.6,      0.0216,     0.01158,     0.00281,     -0.0944
        -3.5,      0.0328,     0.01153,     0.00274,     -0.0944
        -3.4,       0.044,     0.01149,     0.00267,     -0.0944
        -3.3,      0.0552,     0.01144,     0.00261,     -0.0944
        -3.2,      0.0664,      0.0114,     0.00254,     -0.0945
        -3.1,      0.0777,     0.01137,     0.00241,     -0.0945
          -3,      0.0888,     0.01133,     0.00235,     -0.0945
        -2.9,         0.1,      0.0113,      0.0023,     -0.0945
        -2.8,      0.1112,     0.01127,     0.00225,     -0.0945
        -2.7,      0.1224,     0.01124,      0.0022,     -0.0946
        -2.6,      0.1336,     0.01121,     0.00216,     -0.0946
        -2.5,      0.1448,     0.01118,     0.00212,     -0.0946
        -2.4,       0.156,     0.01115,     0.00208,     -0.0946
        -2.3,      0.1672,     0.01113,     0.00204,     -0.0946
        -2.2,      0.1784,     0.01111,     0.00201,     -0.0947
        -2.1,      0.1896,     0.01109,     0.00197,     -0.0947
          -2,      0.2008,     0.01107,     0.00194,     -0.0947
        -1.9,      0.2119,     0.01105,     0.00191,     -0.0947
        -1.8,      0.2231,     0.01103,     0.00189,     -0.0947
        -1.7,      0.2343,       0.011,     0.00185,     -0.0948
        -1.6,      0.2455,     0.01098,     0.00183,     -0.0948
        -1.5,      0.2567,     0.01097,     0.00181,     -0.0948
        -1.4,      0.2678,     0.01095,     0.00179,     -0.0948
        -1.3,       0.279,     0.01093,     0.00177,     -0.0948
        -1.2,      0.2902,     0.01086,     0.00173,     -0.0949
        -1.1,      0.3014,     0.01085,     0.00172,     -0.0949
          -1,      0.3126,     0.01085,     0.00171,     -0.0949
        -0.9,      0.3237,     0.01084,      0.0017,     -0.0949
        -0.8,      0.3349,     0.01083,      0.0017,     -0.0949
        -0.7,       0.346,     0.01082,     0.00169,     -0.0949
        -0.6,      0.3572,     0.01081,     0.00169,      -0.095
        -0.5,      0.3683,     0.01081,     0.00169,      -0.095
        -0.4,      0.3795,      0.0108,     0.00169,      -0.095
        -0.3,      0.3906,      0.0108,      0.0017,      -0.095
        -0.2,      0.4017,     0.01081,      0.0017,      -0.095
        -0.1,      0.4128,     0.01083,     0.00171,      -0.095
           0,      0.4239,     0.01085,     0.00172,      -0.095
         0.1,      0.4351,     0.01086,     0.00173,      -0.095
         0.2,      0.4462,     0.01088,     0.00174,      -0.095
         0.3,      0.4572,      0.0109,     0.00175,      -0.095
         0.4,      0.4683,     0.01092,     0.00177,      -0.095
         0.5,      0.4794,     0.01094,     0.00178,      -0.095
         0.6,      0.4905,     0.01096,      0.0018,      -0.095
         0.7,      0.5016,     0.01098,     0.00182,      -0.095
         0.8,      0.5126,     0.01101,     0.00186,     -0.0949
         0.9,      0.5237,     0.01103,     0.00188,     -0.0949
           1,      0.5347,     0.01106,      0.0019,     -0.0949
         1.1,      0.5458,     0.01108,     0.00192,     -0.0949
         1.2,      0.5568,     0.01111,     0.00195,     -0.0949
         1.3,      0.5678,     0.01114,     0.00197,     -0.0949
         1.4,      0.5789,     0.01116,       0.002,     -0.0949
         1.5,      0.5899,     0.01119,     0.00202,     -0.0948
         1.6,      0.6009,     0.01122,     0.00205,     -0.0948
         1.7,      0.6119,     0.01125,     0.00208,     -0.0948
         1.8,      0.6229,     0.01128,     0.00211,     -0.0948
         1.9,      0.6339,     0.01131,     0.00214,     -0.0948
           2,      0.6448,     0.01135,     0.00217,     -0.0947
         2.1,      0.6558,     0.01138,     0.00221,     -0.0947
         2.2,      0.6668,     0.01141,     0.00224,     -0.0947
         2.3,      0.6777,     0.01145,     0.00228,     -0.0947
         2.4,      0.6887,     0.01148,     0.00232,     -0.0946
         2.5,      0.6996,     0.01152,     0.00236,     -0.0946
         2.6,      0.7106,     0.01156,      0.0024,     -0.0946
         2.7,      0.7215,      0.0116,     0.00244,     -0.0945
         2.8,      0.7324,     0.01164,     0.00249,     -0.0945
         2.9,      0.7433,     0.01168,     0.00253,     -0.0945
           3,      0.7542,     0.01172,     0.00258,     -0.0944
         3.1,      0.7651,     0.01176,     0.00263,     -0.0944
         3.2,      0.7756,     0.01186,     0.00271,     -0.0943
         3.3,      0.7863,     0.01194,     0.00277,     -0.0942
         3.4,      0.7971,       0.012,     0.00283,     -0.0942
         3.5,      0.8078,     0.01206,     0.00289,     -0.0941
         3.6,      0.8186,     0.01212,     0.00295,     -0.0941
         3.7,      0.8293,     0.01217,     0.00302,      -0.094
         3.8,      0.8401,     0.01223,     0.00308,      -0.094
         3.9,      0.8509,     0.01228,     0.00321,     -0.0939
           4,      0.8616,     0.01234,     0.00327,     -0.0938
         4.1,      0.8723,     0.01241,     0.00335,     -0.0938
         4.2,      0.8828,      0.0125,     0.00343,     -0.0937
         4.3,      0.8934,     0.01258,     0.00351,     -0.0936
         4.4,       0.904,     0.01266,     0.00359,     -0.0935
         4.5,      0.9146,     0.01274,     0.00368,     -0.0934
         4.6,       0.925,     0.01284,     0.00377,     -0.0933
         4.7,      0.9354,     0.01296,     0.00388,     -0.0932
         4.8,      0.9454,     0.01312,     0.00401,      -0.093
         4.9,      0.9555,     0.01327,     0.00414,     -0.0929
           5,      0.9651,     0.01353,     0.00436,     -0.0926
         5.1,      0.9777,     0.01325,     0.00423,     -0.0929
         5.2,       0.988,     0.01334,     0.00433,     -0.0928
         5.3,      0.9981,     0.01351,     0.00447,     -0.0926
         5.4,      1.0081,     0.01366,     0.00461,     -0.0924
         5.6,       1.028,     0.01399,     0.00493,     -0.0921
         5.7,       1.038,     0.01416,      0.0051,     -0.0919
         5.8,       1.048,     0.01432,     0.00526,     -0.0917
         5.9,      1.0581,     0.01444,     0.00539,     -0.0915
           6,      1.0684,     0.01455,     0.00551,     -0.0914
         6.1,      1.0786,     0.01466,     0.00565,     -0.0913
         6.2,      1.0888,     0.01477,     0.00577,     -0.0911
         6.3,       1.099,     0.01489,      0.0059,      -0.091
         6.4,      1.1091,       0.015,     0.00603,     -0.0908
         6.5,      1.1192,     0.01512,     0.00616,     -0.0907
         6.6,      1.1293,     0.01523,      0.0063,     -0.0905
         6.7,      1.1394,     0.01535,     0.00643,     -0.0904
         6.8,      1.1495,     0.01548,     0.00657,     -0.0902
         6.9,      1.1595,      0.0156,     0.00672,       -0.09
           7,      1.1695,     0.01572,     0.00686,     -0.0899
         7.1,      1.1795,     0.01585,     0.00701,     -0.0897
         7.2,      1.1894,     0.01598,     0.00716,     -0.0895
         7.3,      1.1993,     0.01611,     0.00731,     -0.0893
         7.4,      1.2092,     0.01625,     0.00747,     -0.0891
         7.5,       1.219,     0.01639,     0.00763,     -0.0889
         7.6,      1.2288,     0.01653,      0.0078,     -0.0887
         7.7,      1.2385,     0.01668,     0.00797,     -0.0885
         7.8,      1.2483,     0.01682,     0.00814,     -0.0883
         7.9,      1.2579,     0.01697,     0.00831,     -0.0881
           8,      1.2676,     0.01713,     0.00849,     -0.0879
         8.1,      1.2772,     0.01728,     0.00867,     -0.0877
         8.2,      1.2868,     0.01744,     0.00885,     -0.0874
         8.3,      1.2963,      0.0176,     0.00904,     -0.0872
         8.4,      1.3058,     0.01776,     0.00923,      -0.087
         8.5,      1.3153,     0.01793,     0.00942,     -0.0867
         8.6,      1.3247,      0.0181,     0.00962,     -0.0865
         8.7,       1.334,     0.01827,     0.00982,     -0.0862
         8.8,      1.3433,     0.01845,     0.01003,     -0.0859
         8.9,      1.3526,     0.01863,     0.01024,     -0.0856
           9,      1.3618,     0.01882,     0.01045,     -0.0854
         9.1,      1.3709,       0.019,     0.01067,     -0.0851
         9.2,        1.38,      0.0192,     0.01089,     -0.0848
         9.3,      1.3891,     0.01939,     0.01112,     -0.0845
         9.4,       1.398,     0.01959,     0.01135,     -0.0842
         9.5,       1.407,     0.01979,     0.01158,     -0.0838
         9.6,      1.4158,        0.02,     0.01182,     -0.0835
         9.7,      1.4246,      0.0202,     0.01207,     -0.0832
         9.8,      1.4334,     0.02042,     0.01231,     -0.0828
         9.9,       1.442,     0.02064,     0.01257,     -0.0825
          10,      1.4506,     0.02086,     0.01282,     -0.0821
        10.1,      1.4591,     0.02109,     0.01309,     -0.0817
        10.2,      1.4676,     0.02132,     0.01335,     -0.0813
        10.3,      1.4759,     0.02156,     0.01363,     -0.0809
        10.4,      1.4842,      0.0218,      0.0139,     -0.0805
        10.5,      1.4924,     0.02205,     0.01419,     -0.0801
        10.6,      1.5005,      0.0223,     0.01448,     -0.0797
        10.7,      1.5085,     0.02255,     0.01478,     -0.0792
        10.8,      1.5164,     0.02281,     0.01508,     -0.0787
        10.9,      1.5242,     0.02308,     0.01538,     -0.0783
          11,      1.5319,     0.02335,     0.01569,     -0.0778
        11.1,      1.5395,     0.02363,     0.01601,     -0.0773
        11.2,      1.5469,     0.02392,     0.01634,     -0.0768
        11.3,      1.5543,      0.0242,     0.01667,     -0.0762
        11.4,      1.5615,      0.0245,     0.01701,     -0.0757
        11.5,      1.5686,      0.0248,     0.01735,     -0.0751
        11.6,      1.5755,     0.02511,      0.0177,     -0.0745
        11.7,      1.5823,     0.02542,     0.01806,     -0.0739
        11.8,      1.5889,     0.02574,     0.01843,     -0.0733
        11.9,      1.5953,     0.02607,      0.0188,     -0.0726
          12,      1.6015,     0.02641,     0.01918,     -0.0719
        12.1,      1.6076,     0.02675,     0.01957,     -0.0712
        12.2,      1.6135,      0.0271,     0.01997,     -0.0705
        12.3,      1.6191,     0.02746,     0.02037,     -0.0697
        12.4,      1.6244,     0.02782,     0.02078,     -0.0689
        12.5,      1.6293,     0.02819,      0.0212,      -0.068
        12.6,      1.6339,     0.02857,     0.02163,     -0.0671
        12.7,      1.6381,     0.02896,     0.02206,     -0.0661
        12.8,      1.6406,     0.02933,     0.02248,     -0.0648
        12.9,      1.6428,     0.02972,     0.02292,     -0.0634
          13,      1.6456,     0.03013,     0.02339,     -0.0623
        13.1,      1.6485,     0.03057,     0.02388,     -0.0611
        13.2,      1.6512,     0.03103,     0.02439,       -0.06
        13.3,      1.6538,     0.03151,     0.02491,     -0.0589
        13.4,      1.6562,       0.032,     0.02546,     -0.0578
        13.5,      1.6582,     0.03252,     0.02603,     -0.0567
        13.6,      1.6602,     0.03306,     0.02662,     -0.0556
        13.7,      1.6622,     0.03361,     0.02722,     -0.0546
        13.8,      1.6642,     0.03419,     0.02785,     -0.0535
        13.9,       1.666,     0.03477,     0.02849,     -0.0525
          14,      1.6672,      0.0354,     0.02917,     -0.0515
        14.1,      1.6679,     0.03606,     0.02989,     -0.0505
        14.2,      1.6687,     0.03675,     0.03063,     -0.0495
        14.3,      1.6696,     0.03746,      0.0314,     -0.0486
        14.4,      1.6704,     0.03819,     0.03219,     -0.0477
        14.5,      1.6703,     0.03899,     0.03305,     -0.0468
        14.6,      1.6699,     0.03982,     0.03394,     -0.0459
        14.7,      1.6696,     0.04068,     0.03485,      -0.045
        14.8,      1.6692,     0.04156,     0.03579,     -0.0442
        14.9,       1.668,     0.04254,     0.03683,     -0.0435
          15,      1.6666,     0.04356,      0.0379,     -0.0428
        15.1,      1.6654,      0.0446,     0.03901,     -0.0422
        15.2,      1.6638,     0.04571,     0.04018,     -0.0416
        15.3,      1.6614,     0.04692,     0.04145,     -0.0411
        15.4,      1.6592,     0.04815,     0.04274,     -0.0406
        15.5,      1.6564,     0.04946,     0.04411,     -0.0403
        15.6,      1.6528,      0.0509,     0.04562,       -0.04
        15.7,      1.6495,     0.05236,     0.04714,     -0.0398
        15.8,      1.6452,     0.05399,     0.04883,     -0.0397
        15.9,      1.6408,      0.0557,     0.05061,     -0.0397
          16,      1.6364,     0.05746,     0.05244,     -0.0399
        16.1,      1.6305,     0.05949,     0.05454,     -0.0402
        16.2,       1.625,     0.06154,     0.05665,     -0.0406
        16.3,      1.6181,      0.0639,     0.05908,     -0.0413
        16.4,      1.6111,     0.06632,     0.06157,     -0.0421
        16.5,      1.6026,     0.06908,      0.0644,     -0.0431
        16.6,      1.5934,     0.07209,     0.06748,     -0.0444
        16.7,      1.5835,     0.07535,     0.07082,     -0.0459
        16.8,      1.5721,     0.07908,     0.07463,     -0.0478
        16.9,      1.5589,     0.08333,     0.07897,     -0.0502
          17,      1.5435,     0.08824,     0.08396,      -0.053
        17.1,      1.5251,     0.09396,     0.08978,     -0.0562
        17.2,      1.5007,     0.10134,     0.09727,     -0.0605
        17.3,      1.4685,     0.11063,     0.10669,     -0.0655
        17.4,      1.4354,     0.11972,     0.11587,     -0.0701
        17.5,      1.3981,     0.12969,     0.12592,     -0.0753
        17.6,      1.3662,     0.13853,     0.13482,       -0.08
        17.7,      1.3401,     0.14615,     0.14249,     -0.0842
        17.8,      1.3212,     0.15223,     0.14861,     -0.0876
        17.9,      1.3038,     0.15817,      0.1546,     -0.0909
          18,      1.2866,     0.16435,     0.16081,     -0.0944
        18.1,      1.2739,     0.16955,     0.16605,     -0.0973
        18.2,      1.2609,     0.17501,     0.17154,     -0.1004
        18.3,      1.2491,     0.18028,     0.17685,     -0.1034
        18.4,      1.2406,     0.18471,      0.1813,     -0.1059
        18.5,      1.2312,     0.18953,     0.18615,     -0.1087
        18.6,      1.2249,     0.19347,     0.19013,      -0.111
        18.7,      1.2192,     0.19723,     0.19391,     -0.1131
        18.8,      1.2122,     0.20157,     0.19827,     -0.1156
        18.9,      1.2059,     0.20579,     0.20251,      -0.118
          19,      1.1996,     0.21016,     0.20691,     -0.1206
        19.1,      1.1948,     0.21414,     0.21091,     -0.1228
        19.2,      1.1898,     0.21829,     0.21508,     -0.1252
        19.3,      1.1855,     0.22234,     0.21916,     -0.1275
        19.4,       1.181,     0.22659,     0.22342,     -0.1299
        19.5,      1.1778,     0.23042,     0.22727,     -0.1321
        19.6,      1.1745,     0.23448,     0.23135,     -0.1343
        19.7,      1.1728,     0.23786,     0.23474,     -0.1362
        19.8,       1.171,     0.24147,     0.23836,     -0.1382
        19.9,      1.1688,     0.24535,     0.24226,     -0.1404
          20,      1.1668,     0.24935,     0.24628,     -0.1425
