st9
Re        4e+05
M            0
N            1
VACC            0 VACCflag 1
XTR         0.05         0.05 XTRflag 1
alpha,cl,cd,cdp,cm
        -7.1,     -0.3695,     0.02427,     0.01727,     -0.0893
          -7,     -0.3588,     0.02265,     0.01539,     -0.0901
        -6.9,      -0.348,     0.02162,     0.01416,     -0.0906
        -6.8,     -0.3372,     0.02082,     0.01319,     -0.0909
        -6.7,     -0.3263,     0.02016,     0.01238,     -0.0912
        -6.6,     -0.3154,      0.0196,     0.01169,     -0.0914
        -6.5,     -0.3044,     0.01911,     0.01107,     -0.0916
        -6.4,     -0.2934,     0.01867,     0.01052,     -0.0918
        -6.3,     -0.2825,     0.01828,     0.01002,     -0.0919
        -6.2,     -0.2714,     0.01792,     0.00955,     -0.0921
        -6.1,     -0.2604,     0.01759,     0.00912,     -0.0922
          -6,     -0.2494,     0.01728,     0.00873,     -0.0923
        -5.9,     -0.2383,       0.017,     0.00836,     -0.0924
        -5.8,     -0.2272,     0.01674,     0.00801,     -0.0925
        -5.7,     -0.2161,     0.01649,     0.00768,     -0.0926
        -5.6,      -0.205,     0.01626,     0.00738,     -0.0927
        -5.5,     -0.1939,     0.01604,     0.00709,     -0.0927
        -5.4,     -0.1828,     0.01584,     0.00682,     -0.0928
        -5.3,     -0.1717,     0.01564,     0.00653,     -0.0928
        -5.2,     -0.1606,     0.01546,     0.00629,     -0.0929
        -5.1,     -0.1495,     0.01529,     0.00606,      -0.093
          -5,     -0.1384,     0.01513,     0.00584,      -0.093
        -4.9,     -0.1272,     0.01498,     0.00564,     -0.0931
        -4.8,     -0.1161,     0.01484,     0.00544,     -0.0931
        -4.7,      -0.105,      0.0147,     0.00525,     -0.0931
        -4.6,     -0.0938,     0.01457,     0.00508,     -0.0932
        -4.5,     -0.0827,     0.01445,     0.00491,     -0.0932
        -4.4,     -0.0716,     0.01434,     0.00475,     -0.0932
        -4.3,     -0.0604,     0.01423,      0.0046,     -0.0933
        -4.2,     -0.0493,     0.01412,     0.00444,     -0.0933
        -4.1,     -0.0381,     0.01401,      0.0043,     -0.0933
          -4,      -0.027,     0.01392,     0.00416,     -0.0934
        -3.9,     -0.0159,     0.01383,     0.00404,     -0.0934
        -3.8,     -0.0047,     0.01374,     0.00391,     -0.0934
        -3.7,      0.0064,     0.01365,      0.0038,     -0.0935
        -3.6,      0.0175,     0.01358,     0.00369,     -0.0935
        -3.5,      0.0287,      0.0135,     0.00358,     -0.0935
        -3.4,      0.0398,     0.01343,     0.00348,     -0.0935
        -3.3,       0.051,     0.01336,     0.00338,     -0.0935
        -3.2,      0.0621,      0.0133,     0.00329,     -0.0936
        -3.1,      0.0733,     0.01325,      0.0031,     -0.0936
          -3,      0.0844,     0.01319,     0.00301,     -0.0936
        -2.9,      0.0956,     0.01313,     0.00293,     -0.0936
        -2.8,      0.1067,     0.01306,     0.00285,     -0.0936
        -2.7,      0.1178,     0.01302,     0.00278,     -0.0936
        -2.6,      0.1289,     0.01298,     0.00272,     -0.0936
        -2.5,      0.1401,     0.01292,     0.00265,     -0.0937
        -2.4,      0.1512,     0.01287,     0.00258,     -0.0937
        -2.3,      0.1623,     0.01281,     0.00252,     -0.0937
        -2.2,      0.1735,     0.01277,     0.00247,     -0.0937
        -2.1,      0.1846,     0.01273,     0.00242,     -0.0937
          -2,      0.1957,     0.01268,     0.00237,     -0.0937
        -1.9,      0.2068,     0.01264,     0.00232,     -0.0938
        -1.8,      0.2179,     0.01261,     0.00228,     -0.0938
        -1.7,      0.2291,     0.01256,     0.00224,     -0.0938
        -1.6,      0.2402,     0.01252,     0.00221,     -0.0938
        -1.5,      0.2513,      0.0125,     0.00218,     -0.0938
        -1.4,      0.2624,     0.01248,     0.00216,     -0.0938
        -1.3,      0.2735,     0.01246,     0.00213,     -0.0938
        -1.2,      0.2846,     0.01245,     0.00211,     -0.0938
        -1.1,      0.2956,     0.01244,      0.0021,     -0.0938
          -1,      0.3067,     0.01244,     0.00208,     -0.0938
        -0.9,      0.3178,     0.01244,     0.00207,     -0.0938
        -0.8,      0.3289,     0.01244,     0.00206,     -0.0938
        -0.7,      0.3399,     0.01245,     0.00205,     -0.0938
        -0.6,       0.351,     0.01246,     0.00205,     -0.0938
        -0.5,      0.3621,     0.01247,     0.00204,     -0.0938
        -0.4,      0.3731,     0.01249,     0.00204,     -0.0938
        -0.3,      0.3841,      0.0125,     0.00204,     -0.0937
        -0.2,      0.3952,     0.01252,     0.00205,     -0.0937
        -0.1,      0.4062,     0.01253,     0.00205,     -0.0937
           0,      0.4172,     0.01255,     0.00206,     -0.0937
         0.1,      0.4283,     0.01257,     0.00207,     -0.0937
         0.2,      0.4393,     0.01259,     0.00208,     -0.0936
         0.3,      0.4503,     0.01261,      0.0021,     -0.0936
         0.4,      0.4613,     0.01263,     0.00211,     -0.0936
         0.5,      0.4723,     0.01265,     0.00213,     -0.0936
         0.6,      0.4832,     0.01268,     0.00215,     -0.0936
         0.7,      0.4942,     0.01271,     0.00218,     -0.0935
         0.8,      0.5052,     0.01273,     0.00223,     -0.0935
         0.9,      0.5161,     0.01276,     0.00225,     -0.0935
           1,      0.5271,     0.01279,     0.00227,     -0.0934
         1.1,       0.538,     0.01282,      0.0023,     -0.0934
         1.2,      0.5489,     0.01285,     0.00232,     -0.0934
         1.3,      0.5599,     0.01288,     0.00235,     -0.0934
         1.4,      0.5708,     0.01292,     0.00238,     -0.0933
         1.5,      0.5817,     0.01295,     0.00241,     -0.0933
         1.6,      0.5926,     0.01299,     0.00245,     -0.0932
         1.7,      0.6035,     0.01302,     0.00248,     -0.0932
         1.8,      0.6144,     0.01306,     0.00252,     -0.0932
         1.9,      0.6253,      0.0131,     0.00256,     -0.0931
           2,      0.6361,     0.01314,      0.0026,     -0.0931
         2.1,       0.647,     0.01318,     0.00264,      -0.093
         2.2,      0.6578,     0.01322,     0.00268,      -0.093
         2.3,      0.6687,     0.01326,     0.00273,     -0.0929
         2.4,      0.6795,     0.01331,     0.00278,     -0.0929
         2.5,      0.6903,     0.01335,     0.00283,     -0.0928
         2.6,      0.7011,      0.0134,     0.00288,     -0.0928
         2.7,      0.7119,     0.01344,     0.00294,     -0.0927
         2.8,      0.7227,     0.01349,     0.00299,     -0.0927
         2.9,      0.7335,     0.01354,     0.00305,     -0.0926
           3,      0.7442,     0.01359,     0.00311,     -0.0926
         3.1,       0.755,     0.01364,     0.00317,     -0.0925
         3.2,      0.7657,      0.0137,     0.00323,     -0.0924
         3.3,      0.7764,     0.01375,      0.0033,     -0.0924
         3.4,      0.7871,     0.01381,     0.00336,     -0.0923
         3.5,      0.7978,     0.01386,     0.00343,     -0.0922
         3.6,      0.8085,     0.01392,     0.00351,     -0.0921
         3.7,      0.8192,     0.01398,     0.00358,     -0.0921
         3.8,      0.8298,     0.01404,     0.00365,      -0.092
         3.9,      0.8405,      0.0141,     0.00382,     -0.0919
           4,      0.8511,     0.01417,     0.00391,     -0.0918
         4.1,      0.8618,     0.01423,     0.00399,     -0.0917
         4.2,      0.8724,     0.01429,     0.00407,     -0.0917
         4.3,      0.8829,     0.01436,     0.00416,     -0.0916
         4.4,      0.8935,     0.01443,     0.00425,     -0.0915
         4.5,       0.904,     0.01452,     0.00435,     -0.0914
         4.6,      0.9141,     0.01466,     0.00447,     -0.0912
         4.7,      0.9243,     0.01478,     0.00458,     -0.0911
         4.8,      0.9346,     0.01489,      0.0047,     -0.0909
         4.9,      0.9449,     0.01499,     0.00481,     -0.0908
           5,      0.9553,     0.01507,     0.00491,     -0.0907
         5.1,      0.9657,     0.01516,     0.00502,     -0.0906
         5.2,      0.9761,     0.01525,     0.00515,     -0.0905
         5.3,      0.9864,     0.01534,     0.00527,     -0.0903
         5.4,      0.9965,     0.01546,      0.0054,     -0.0902
         5.5,      1.0066,     0.01559,     0.00554,       -0.09
         5.6,      1.0167,     0.01572,     0.00567,     -0.0899
         5.7,      1.0268,     0.01584,     0.00581,     -0.0897
         5.8,      1.0369,     0.01596,     0.00595,     -0.0896
         5.9,       1.047,     0.01608,     0.00609,     -0.0894
           6,      1.0571,     0.01621,     0.00623,     -0.0892
         6.1,       1.067,     0.01634,     0.00638,     -0.0891
         6.2,      1.0768,     0.01651,     0.00657,     -0.0888
         6.3,      1.0865,     0.01669,     0.00675,     -0.0886
         6.4,      1.0955,     0.01696,     0.00699,     -0.0883
         6.5,      1.1052,     0.01713,     0.00717,     -0.0881
         6.6,       1.114,     0.01745,     0.00745,     -0.0878
         6.7,      1.1232,      0.0177,      0.0077,     -0.0875
         6.8,      1.1324,     0.01795,     0.00795,     -0.0872
         6.9,      1.1417,     0.01817,     0.00819,     -0.0869
         7.1,      1.1615,      0.0184,     0.00851,     -0.0865
         7.2,      1.1708,     0.01862,     0.00874,     -0.0863
         7.3,      1.1802,     0.01883,     0.00897,      -0.086
         7.4,      1.1897,       0.019,     0.00917,     -0.0858
         7.5,      1.1992,     0.01917,     0.00938,     -0.0855
         7.6,      1.2086,     0.01935,     0.00959,     -0.0853
         7.7,       1.218,     0.01953,      0.0098,      -0.085
         7.8,      1.2274,     0.01972,     0.01003,     -0.0847
         7.9,      1.2367,     0.01991,     0.01025,     -0.0845
           8,      1.2459,      0.0201,     0.01048,     -0.0842
         8.1,      1.2551,      0.0203,     0.01071,     -0.0839
         8.2,      1.2643,      0.0205,     0.01095,     -0.0836
         8.3,      1.2734,      0.0207,     0.01119,     -0.0833
         8.4,      1.2824,     0.02091,     0.01144,      -0.083
         8.5,      1.2914,     0.02112,     0.01169,     -0.0827
         8.6,      1.3004,     0.02134,     0.01194,     -0.0824
         8.7,      1.3092,     0.02156,     0.01221,      -0.082
         8.8,       1.318,     0.02178,     0.01247,     -0.0817
         8.9,      1.3268,     0.02201,     0.01274,     -0.0814
           9,      1.3355,     0.02225,     0.01302,      -0.081
         9.1,      1.3441,     0.02249,     0.01331,     -0.0806
         9.2,      1.3526,     0.02274,      0.0136,     -0.0803
         9.3,       1.361,     0.02299,     0.01389,     -0.0799
         9.4,      1.3694,     0.02324,     0.01419,     -0.0795
         9.5,      1.3777,      0.0235,      0.0145,     -0.0791
         9.6,      1.3859,     0.02377,     0.01481,     -0.0787
         9.7,      1.3941,     0.02404,     0.01513,     -0.0782
         9.8,      1.4021,     0.02432,     0.01546,     -0.0778
         9.9,        1.41,      0.0246,     0.01579,     -0.0773
          10,      1.4179,     0.02489,     0.01613,     -0.0769
        10.1,      1.4256,     0.02518,     0.01647,     -0.0764
        10.2,      1.4332,     0.02548,     0.01683,     -0.0759
        10.3,      1.4407,     0.02579,     0.01719,     -0.0754
        10.4,      1.4481,     0.02611,     0.01755,     -0.0749
        10.5,      1.4554,     0.02643,     0.01793,     -0.0743
        10.6,      1.4625,     0.02676,     0.01831,     -0.0738
        10.7,      1.4695,      0.0271,      0.0187,     -0.0732
        10.8,      1.4763,     0.02744,      0.0191,     -0.0726
        10.9,       1.483,     0.02779,     0.01951,      -0.072
          11,      1.4895,     0.02815,     0.01994,     -0.0714
        11.1,      1.4958,     0.02852,     0.02037,     -0.0707
        11.2,      1.5019,      0.0289,      0.0208,       -0.07
        11.3,      1.5078,     0.02928,     0.02124,     -0.0693
        11.4,      1.5136,     0.02968,      0.0217,     -0.0686
        11.5,       1.519,     0.03008,     0.02216,     -0.0678
        11.6,      1.5243,     0.03049,     0.02264,      -0.067
        11.7,      1.5291,     0.03091,     0.02312,     -0.0662
        11.8,      1.5337,     0.03134,     0.02361,     -0.0653
        11.9,      1.5378,     0.03178,     0.02411,     -0.0643
          12,      1.5407,     0.03221,      0.0246,     -0.0632
        12.1,      1.5429,     0.03265,      0.0251,     -0.0619
        12.2,      1.5456,     0.03312,     0.02564,     -0.0607
        12.3,      1.5483,     0.03361,      0.0262,     -0.0596
        12.4,      1.5509,     0.03413,     0.02678,     -0.0585
        12.5,      1.5533,     0.03466,     0.02738,     -0.0574
        12.6,      1.5555,     0.03522,       0.028,     -0.0564
        12.7,      1.5573,      0.0358,     0.02866,     -0.0553
        12.8,      1.5591,     0.03641,     0.02933,     -0.0542
        12.9,      1.5608,     0.03704,     0.03002,     -0.0532
          13,      1.5624,     0.03768,     0.03074,     -0.0522
        13.1,      1.5636,     0.03836,     0.03148,     -0.0512
        13.2,      1.5643,     0.03908,     0.03227,     -0.0502
        13.3,      1.5648,     0.03983,     0.03309,     -0.0493
        13.4,      1.5652,     0.04061,     0.03394,     -0.0484
        13.5,      1.5656,     0.04141,     0.03481,     -0.0475
        13.6,      1.5653,     0.04228,     0.03575,     -0.0466
        13.7,      1.5646,     0.04319,     0.03673,     -0.0458
        13.8,      1.5639,     0.04413,     0.03775,      -0.045
        13.9,      1.5629,     0.04511,     0.03881,     -0.0442
          14,      1.5613,     0.04618,     0.03995,     -0.0435
        14.1,      1.5597,     0.04729,     0.04113,     -0.0429
        14.2,      1.5579,     0.04845,     0.04237,     -0.0424
        14.3,      1.5553,     0.04971,     0.04371,     -0.0419
        14.4,      1.5527,     0.05102,      0.0451,     -0.0415
        14.5,      1.5496,      0.0524,     0.04655,     -0.0412
        14.6,      1.5458,     0.05391,     0.04814,     -0.0409
        14.7,      1.5421,     0.05548,     0.04978,     -0.0408
        14.8,      1.5376,      0.0572,     0.05158,     -0.0408
        14.9,      1.5328,     0.05901,     0.05347,      -0.041
          15,      1.5276,     0.06096,      0.0555,     -0.0413
        15.1,      1.5217,     0.06309,     0.05771,     -0.0417
        15.2,      1.5153,     0.06538,     0.06008,     -0.0424
        15.3,      1.5084,     0.06784,     0.06263,     -0.0432
        15.4,      1.5003,      0.0706,     0.06547,     -0.0444
        15.5,      1.4916,     0.07358,     0.06853,     -0.0457
        15.6,      1.4819,     0.07688,     0.07192,     -0.0473
        15.7,       1.471,     0.08063,     0.07575,     -0.0493
        15.8,      1.4584,     0.08489,     0.08011,     -0.0518
        15.9,      1.4441,     0.08977,     0.08509,     -0.0547
          16,      1.4269,     0.09556,     0.09098,     -0.0581
        16.1,      1.4053,     0.10266,     0.09819,     -0.0623
        16.2,      1.3779,     0.11128,     0.10692,     -0.0671
        16.3,       1.349,     0.11986,     0.11558,     -0.0715
        16.4,      1.3187,     0.12867,     0.12446,     -0.0761
        16.5,      1.2901,     0.13715,       0.133,     -0.0806
        16.6,      1.2635,     0.14532,     0.14121,     -0.0849
        16.7,      1.2396,     0.15305,     0.14898,     -0.0891
        16.8,      1.2158,     0.16116,     0.15714,     -0.0934
        16.9,      1.1954,     0.16881,     0.16482,     -0.0976
          17,      1.1806,     0.17518,     0.17122,      -0.101
        17.1,        1.17,      0.1805,     0.17656,     -0.1038
        17.2,      1.1613,     0.18537,     0.18146,     -0.1064
        17.3,      1.1543,     0.18984,     0.18595,     -0.1088
        17.4,      1.1482,     0.19408,      0.1902,     -0.1111
        17.5,      1.1436,     0.19788,     0.19403,     -0.1131
        17.6,      1.1395,      0.2016,     0.19777,     -0.1151
        17.7,      1.1362,     0.20509,     0.20127,      -0.117
        17.8,      1.1333,     0.20856,     0.20476,     -0.1188
        17.9,       1.131,     0.21185,     0.20806,     -0.1206
          18,      1.1288,     0.21518,     0.21141,     -0.1223
        18.1,       1.127,     0.21847,     0.21472,     -0.1241
        18.2,      1.1255,     0.22172,     0.21798,     -0.1258
        18.3,       1.124,     0.22508,     0.22134,     -0.1275
        18.4,      1.1225,      0.2285,     0.22478,     -0.1293
        18.5,      1.1211,     0.23209,     0.22838,     -0.1311
        18.6,        1.12,     0.23563,     0.23192,     -0.1329
        18.7,      1.1189,     0.23933,     0.23563,     -0.1347
        18.8,      1.1183,     0.24294,     0.23923,     -0.1365
        18.9,      1.1185,     0.24611,      0.2424,     -0.1381
          19,      1.1193,     0.24898,     0.24526,     -0.1395
        19.1,      1.1206,     0.25159,     0.24787,     -0.1408
        19.2,      1.1221,     0.25408,     0.25036,     -0.1421
        19.3,      1.1237,     0.25646,     0.25274,     -0.1433
        19.4,      1.1256,      0.2588,     0.25507,     -0.1446
        19.5,      1.1275,     0.26106,     0.25733,     -0.1457
        19.6,      1.1296,     0.26327,     0.25954,     -0.1469
        19.7,      1.1317,     0.26546,     0.26173,     -0.1481
        19.8,      1.1339,     0.26762,     0.26389,     -0.1492
        19.9,      1.1362,     0.26976,     0.26604,     -0.1504
          20,      1.1385,     0.27189,     0.26816,     -0.1515
