-0.19116 -0.23161 -0.27387 -0.31849 -0.36606 -0.41725 -0.47290 -0.53396 -0.60151 -0.67693 -0.76195 -0.85861 -0.96952 -1.09068 -1.24003 -1.42503 -1.61402 -1.87718 -2.30336 -2.03378 -3.22013 -4.09160 -4.68747 -5.94416 -7.80321 -10.63415 -15.31550 -18.99720 -31.43756 -36.31181 21.67098 37.55783 71.94643 57.71452 -2.03511 -25.50393 -19.50894 -12.92407 -7.97825 -6.01430 -4.66486 -3.69503 -2.97230 -2.41492 -1.97245 -1.61182 -1.31010 -1.05059 -0.82149 -0.61335
-0.23161 -0.27317 -0.31681 -0.36309 -0.41263 -0.46613 -0.52449 -0.58869 -0.65990 -0.73958 -0.82957 -0.93204 -1.04977 -1.17852 -1.33738 -1.53458 -1.73898 -2.01910 -2.46034 -2.25750 -3.43860 -4.34404 -5.01830 -6.36079 -8.34661 -11.37049 -16.37103 -20.30404 -33.59623 -38.79545 23.12230 40.07699 76.80464 61.61718 -2.18042 -27.26487 -20.86117 -13.82940 -8.55033 -6.45532 -5.01682 -3.98396 -3.21529 -2.62355 -2.15491 -1.77417 -1.45690 -1.18542 -0.94724 -0.73248
-0.27387 -0.31681 -0.36211 -0.41034 -0.46216 -0.51833 -0.57976 -0.64753 -0.72287 -0.80732 -0.90287 -1.01182 -1.13714 -1.27434 -1.44376 -1.65446 -1.87566 -2.17458 -2.63370 -2.49701 -3.67995 -4.62515 -5.38269 -6.81994 -8.94582 -12.18293 -17.53634 -21.74726 -35.98195 -41.53937 24.72836 42.86215 82.17657 65.93463 -2.33641 -29.20963 -22.35368 -14.82751 -9.17976 -6.93970 -5.40256 -4.29981 -3.48011 -2.85008 -2.35220 -1.94885 -1.61398 -1.32878 -1.08000 -0.85728
-0.31849 -0.36309 -0.41034 -0.46085 -0.51531 -0.57452 -0.63945 -0.71126 -0.79125 -0.88108 -0.98286 -1.09906 -1.23286 -1.37948 -1.56065 -1.78636 -2.02598 -2.34584 -2.82592 -2.75561 -3.94767 -4.93905 -5.78585 -7.32821 -9.60948 -13.08321 -18.82833 -23.34787 -38.62980 -44.58125 26.51236 45.95311 88.13710 70.72768 -2.50273 -31.36665 -24.00816 -15.93282 -9.87556 -7.47434 -5.82753 -4.64702 -3.77043 -3.09766 -2.56701 -2.13823 -1.78342 -1.48253 -1.22147 -0.98928
-0.36605 -0.41262 -0.46216 -0.51531 -0.57280 -0.63548 -0.70440 -0.78077 -0.86600 -0.96187 -1.07064 -1.19496 -1.33825 -1.49539 -1.68969 -1.93213 -2.19205 -2.53527 -3.03972 -3.03681 -4.24552 -5.29020 -6.23346 -7.89276 -10.34695 -14.08407 -20.26538 -25.12868 -41.57786 -47.96693 28.50000 49.39375 94.77460 76.06799 -2.68259 -33.76681 -25.84821 -17.16099 -10.64756 -8.06676 -6.29771 -5.03044 -4.09033 -3.36973 -2.80234 -2.34493 -1.96757 -1.64882 -1.37360 -1.13032
-0.41724 -0.46613 -0.51832 -0.57451 -0.63548 -0.70212 -0.77556 -0.85710 -0.94825 -1.05092 -1.16755 -1.30100 -1.45494 -1.62387 -1.83289 -2.09402 -2.37644 -2.74581 -3.27845 -3.34484 -4.57820 -5.68419 -6.73254 -8.52248 -11.16987 -15.20136 -21.87032 -27.11809 -44.87368 -51.75066 30.72310 53.23833 102.19523 82.04184 -2.87767 -36.44860 -27.90316 -18.53147 -11.50788 -8.72625 -6.82042 -5.45603 -4.44473 -3.67046 -3.06176 -2.57207 -2.16917 -1.83006 -1.53857 -1.28237
-0.57265 -0.60390 -0.64058 -0.68298 -0.73154 -0.78687 -0.84687 -0.78048 -0.72147 -0.66882 -0.62167 -0.57926 -0.54098 -0.50811 -0.47649 -0.44470 -0.40083 -0.37892 -0.43169 0.06633 -0.39126 -0.51245 -0.28125 -0.26108 -0.24160 -0.22315 -0.20539 -0.19652 -0.17958 -0.15608 -0.28084 -0.26481 -0.58215 0.16390 0.12318 -0.13517 -0.13704 -0.14042 -0.14517 -0.14833 -0.15129 -0.15398 -0.15630 -0.15809 -0.15923 -0.15941 -0.15845 -0.15579 -0.15110 -0.14356
-1.38166 -1.24199 -1.12215 -1.01866 -0.92861 -0.84979 -0.78048 -0.71922 -0.66478 -0.61620 -0.57270 -0.53358 -0.49827 -0.46796 -0.43880 -0.40944 -0.36849 -0.34835 -0.39909 0.07327 -0.36177 -0.47737 -0.25821 -0.23947 -0.22136 -0.20421 -0.18768 -0.17941 -0.16363 -0.14171 -0.25697 -0.24200 -0.53526 0.15485 0.11743 -0.12133 -0.12293 -0.12581 -0.12981 -0.13243 -0.13482 -0.13693 -0.13865 -0.13984 -0.14035 -0.13992 -0.13835 -0.13510 -0.12986 -0.12184
-1.27811 -1.14876 -1.03779 -0.94196 -0.85860 -0.78563 -0.72148 -0.66478 -0.61439 -0.56944 -0.52919 -0.49300 -0.46033 -0.43229 -0.40532 -0.37812 -0.33982 -0.32124 -0.37004 0.07863 -0.33549 -0.44585 -0.23781 -0.22035 -0.20347 -0.18747 -0.17204 -0.16432 -0.14958 -0.12907 -0.23587 -0.22185 -0.49367 0.14656 0.11206 -0.10924 -0.11062 -0.11307 -0.11643 -0.11858 -0.12049 -0.12211 -0.12332 -0.12400 -0.12400 -0.12305 -0.12098 -0.11726 -0.11159 -0.10322
-1.18564 -1.06551 -0.96247 -0.87350 -0.79610 -0.72837 -0.66882 -0.61620 -0.56944 -0.52772 -0.49038 -0.45680 -0.42649 -0.40048 -0.37546 -0.35020 -0.31428 -0.29710 -0.34403 0.08268 -0.31196 -0.41741 -0.21966 -0.20335 -0.18757 -0.17261 -0.15818 -0.15096 -0.13715 -0.11793 -0.21716 -0.20400 -0.45664 0.13893 0.10703 -0.09865 -0.09983 -0.10191 -0.10472 -0.10647 -0.10798 -0.10918 -0.10997 -0.11022 -0.10979 -0.10843 -0.10595 -0.10186 -0.09587 -0.08723
-1.10278 -0.99094 -0.89500 -0.81218 -0.74014 -0.67709 -0.62167 -0.57270 -0.52919 -0.49038 -0.45563 -0.42440 -0.39621 -0.37201 -0.34874 -0.32522 -0.29147 -0.27553 -0.32068 0.08567 -0.29083 -0.39169 -0.20345 -0.18818 -0.17341 -0.15939 -0.14586 -0.13908 -0.12612 -0.10806 -0.20050 -0.18811 -0.42353 0.13190 0.10233 -0.08933 -0.09034 -0.09211 -0.09444 -0.09585 -0.09701 -0.09786 -0.09829 -0.09818 -0.09739 -0.09569 -0.09288 -0.08850 -0.08226 -0.07346
-1.02822 -0.92383 -0.83430 -0.75701 -0.68979 -0.63097 -0.57927 -0.53359 -0.49300 -0.45680 -0.42440 -0.39527 -0.36898 -0.34642 -0.32473 -0.30278 -0.27098 -0.25617 -0.29962 0.08780 -0.27177 -0.36831 -0.18892 -0.17460 -0.16073 -0.14756 -0.13484 -0.12847 -0.11629 -0.09928 -0.18560 -0.17393 -0.39381 0.12540 0.09792 -0.08111 -0.08197 -0.08346 -0.08538 -0.08651 -0.08736 -0.08791 -0.08804 -0.08763 -0.08655 -0.08456 -0.08149 -0.07689 -0.07047 -0.06156
-0.96087 -0.86322 -0.77948 -0.70719 -0.64433 -0.58933 -0.54099 -0.49828 -0.46034 -0.42649 -0.39621 -0.36898 -0.34442 -0.32333 -0.30306 -0.28253 -0.25253 -0.23873 -0.28056 0.08923 -0.25452 -0.34701 -0.17585 -0.16238 -0.14933 -0.13694 -0.12497 -0.11897 -0.10748 -0.09144 -0.17222 -0.16120 -0.36704 0.11939 0.09378 -0.07380 -0.07454 -0.07579 -0.07736 -0.07823 -0.07884 -0.07912 -0.07899 -0.07833 -0.07701 -0.07479 -0.07151 -0.06674 -0.06019 -0.05123
-0.90300 -0.81115 -0.73239 -0.66440 -0.60529 -0.55357 -0.50811 -0.46796 -0.43229 -0.40048 -0.37201 -0.34642 -0.32333 -0.30352 -0.28447 -0.26515 -0.23672 -0.22378 -0.26415 0.09005 -0.23967 -0.32854 -0.16465 -0.15192 -0.13959 -0.12787 -0.11654 -0.11086 -0.09999 -0.08478 -0.16080 -0.15034 -0.34410 0.11409 0.09009 -0.06765 -0.06827 -0.06933 -0.07061 -0.07127 -0.07167 -0.07175 -0.07141 -0.07054 -0.06903 -0.06663 -0.06320 -0.05831 -0.05169 -0.04272
-0.84730 -0.76104 -0.68707 -0.62323 -0.56772 -0.51917 -0.47649 -0.43880 -0.40532 -0.37546 -0.34874 -0.32473 -0.30306 -0.28447 -0.26660 -0.24845 -0.22154 -0.20942 -0.24832 0.09046 -0.22534 -0.31061 -0.15392 -0.14191 -0.13026 -0.11919 -0.10849 -0.10312 -0.09284 -0.07845 -0.14987 -0.13997 -0.32206 0.10888 0.08642 -0.06183 -0.06236 -0.06324 -0.06424 -0.06472 -0.06493 -0.06481 -0.06429 -0.06325 -0.06156 -0.05902 -0.05546 -0.05048 -0.04381 -0.03487
-0.79181 -0.71103 -0.64178 -0.58202 -0.53006 -0.48463 -0.44470 -0.40944 -0.37813 -0.35021 -0.32523 -0.30278 -0.28253 -0.26515 -0.24845 -0.23147 -0.20594 -0.19467 -0.23267 0.09095 -0.21110 -0.29379 -0.14263 -0.13126 -0.12023 -0.10974 -0.09958 -0.09448 -0.08470 -0.07099 -0.13794 -0.12848 -0.29930 0.10556 0.08469 -0.05433 -0.05470 -0.05528 -0.05583 -0.05596 -0.05581 -0.05532 -0.05440 -0.05293 -0.05081 -0.04780 -0.04376 -0.03828 -0.03110 -0.02163
-0.74169 -0.66578 -0.60072 -0.54460 -0.49582 -0.45317 -0.41571 -0.38263 -0.35326 -0.32708 -0.30366 -0.28263 -0.26366 -0.24738 -0.23174 -0.21580 -0.19139 -0.18091 -0.21864 0.09152 -0.19827 -0.27960 -0.13185 -0.12100 -0.11045 -0.10041 -0.09067 -0.08577 -0.07638 -0.06316 -0.12615 -0.11700 -0.27797 0.10439 0.08499 -0.04593 -0.04609 -0.04629 -0.04622 -0.04590 -0.04525 -0.04424 -0.04275 -0.04068 -0.03789 -0.03417 -0.02935 -0.02302 -0.01492 -0.00444
-0.69533 -0.62391 -0.56272 -0.50995 -0.46411 -0.42403 -0.38884 -0.35777 -0.33020 -0.30564 -0.28366 -0.26393 -0.24614 -0.23088 -0.21623 -0.20125 -0.17789 -0.16814 -0.20557 0.09033 -0.18629 -0.26626 -0.12178 -0.11139 -0.10129 -0.09164 -0.08228 -0.07756 -0.06851 -0.05573 -0.11507 -0.10619 -0.25810 0.10363 0.08559 -0.03786 -0.03783 -0.03764 -0.03699 -0.03621 -0.03509 -0.03355 -0.03150 -0.02882 -0.02537 -0.02093 -0.01533 -0.00815 0.00088 0.01239
-0.65239 -0.58512 -0.52751 -0.47784 -0.43471 -0.39701 -0.36392 -0.33472 -0.30881 -0.28573 -0.26510 -0.24658 -0.22988 -0.21557 -0.20182 -0.18773 -0.16532 -0.15625 -0.19350 0.08943 -0.17522 -0.25408 -0.11238 -0.10242 -0.09271 -0.08343 -0.07440 -0.06985 -0.06110 -0.04871 -0.10468 -0.09604 -0.23960 0.10315 0.08638 -0.03019 -0.02997 -0.02942 -0.02818 -0.02697 -0.02538 -0.02334 -0.02075 -0.01747 -0.01338 -0.00824 -0.00188 0.00614 0.01610 0.02863
-0.61371 -0.55021 -0.49585 -0.44899 -0.40831 -0.37277 -0.34158 -0.31407 -0.28967 -0.26793 -0.24851 -0.23107 -0.21536 -0.20190 -0.18897 -0.17564 -0.15369 -0.14526 -0.18404 0.11270 -0.16694 -0.24812 -0.10416 -0.09460 -0.08528 -0.07635 -0.06766 -0.06328 -0.05483 -0.04285 -0.09575 -0.08737 -0.22327 0.10193 0.08628 -0.02399 -0.02362 -0.02279 -0.02113 -0.01959 -0.01766 -0.01524 -0.01225 -0.00855 -0.00401 0.00162 0.00851 0.01710 0.02767 0.04085
-0.57755 -0.51756 -0.46622 -0.42199 -0.38359 -0.35006 -0.32065 -0.29471 -0.27171 -0.25123 -0.23293 -0.21652 -0.20173 -0.18905 -0.17689 -0.16428 -0.14273 -0.13491 -0.17522 0.13433 -0.15921 -0.24272 -0.09636 -0.08717 -0.07819 -0.06959 -0.06120 -0.05696 -0.04879 -0.03716 -0.08721 -0.07905 -0.20786 0.10115 0.08656 -0.01788 -0.01735 -0.01625 -0.01414 -0.01228 -0.00998 -0.00719 -0.00379 0.00035 0.00537 0.01151 0.01896 0.02816 0.03939 0.05329
-0.54383 -0.48710 -0.43857 -0.39678 -0.36051 -0.32885 -0.30109 -0.27662 -0.25492 -0.23561 -0.21837 -0.20290 -0.18897 -0.17704 -0.16559 -0.15364 -0.13245 -0.12520 -0.16702 0.15494 -0.15202 -0.23789 -0.08901 -0.08016 -0.07150 -0.06319 -0.05507 -0.05097 -0.04304 -0.03172 -0.07912 -0.07116 -0.19339 0.10063 0.08703 -0.01198 -0.01131 -0.00993 -0.00739 -0.00520 -0.00256 0.00061 0.00442 0.00900 0.01450 0.02116 0.02917 0.03897 0.05087 0.06550
-0.51023 -0.45665 -0.41085 -0.37142 -0.33723 -0.30740 -0.28125 -0.25822 -0.23781 -0.21966 -0.20345 -0.18893 -0.17585 -0.16466 -0.15392 -0.14263 -0.12161 -0.11496 -0.15902 0.17607 -0.14495 -0.23445 -0.08097 -0.07237 -0.06394 -0.05583 -0.04788 -0.04386 -0.03607 -0.02492 -0.06979 -0.06190 -0.17798 0.10241 0.08985 -0.00404 -0.00315 -0.00135 0.00186 0.00456 0.00777 0.01154 0.01602 0.02133 0.02763 0.03519 0.04419 0.05510 0.06824 0.08428
-0.47649 -0.42601 -0.38288 -0.34579 -0.31364 -0.28562 -0.26108 -0.23948 -0.22035 -0.20335 -0.18818 -0.17460 -0.16238 -0.15192 -0.14191 -0.13126 -0.11030 -0.10426 -0.15114 0.19821 -0.13793 -0.23211 -0.07237 -0.06395 -0.05569 -0.04771 -0.03988 -0.03591 -0.02819 -0.01708 -0.05950 -0.05160 -0.16181 0.10585 0.09438 0.00543 0.00659 0.00892 0.01298 0.01633 0.02024 0.02479 0.03012 0.03638 0.04374 0.05246 0.06277 0.07515 0.08995 0.10788
-0.44404 -0.39651 -0.35594 -0.32108 -0.29089 -0.26461 -0.24160 -0.22137 -0.20347 -0.18758 -0.17341 -0.16073 -0.14933 -0.13959 -0.13026 -0.12023 -0.09926 -0.09383 -0.14369 0.22115 -0.13131 -0.23049 -0.06394 -0.05569 -0.04756 -0.03970 -0.03195 -0.02801 -0.02035 -0.00925 -0.04933 -0.04139 -0.14604 0.10966 0.09925 0.01498 0.01642 0.01929 0.02421 0.02822 0.03286 0.03822 0.04443 0.05166 0.06009 0.07002 0.08168 0.09558 0.11210 0.13200
-0.41345 -0.36868 -0.33050 -0.29773 -0.26939 -0.24472 -0.22316 -0.20421 -0.18747 -0.17262 -0.15939 -0.14756 -0.13694 -0.12787 -0.11919 -0.10974 -0.08870 -0.08384 -0.13680 0.24448 -0.12519 -0.22962 -0.05583 -0.04771 -0.03970 -0.03192 -0.02424 -0.02032 -0.01268 -0.00156 -0.03945 -0.03146 -0.13095 0.11376 0.10435 0.02444 0.02616 0.02957 0.03536 0.04004 0.04541 0.05157 0.05867 0.06689 0.07641 0.08756 0.10058 0.11603 0.13430 0.15619
-0.38413 -0.34198 -0.30608 -0.27529 -0.24870 -0.22558 -0.20540 -0.18768 -0.17204 -0.15819 -0.14586 -0.13485 -0.12497 -0.11654 -0.10849 -0.09958 -0.07839 -0.07410 -0.13033 0.26862 -0.11947 -0.22948 -0.04788 -0.03988 -0.03195 -0.02424 -0.01659 -0.01268 -0.00504 0.00614 -0.02969 -0.02161 -0.11627 0.11822 0.10979 0.03399 0.03600 0.03996 0.04663 0.05200 0.05812 0.06510 0.07311 0.08234 0.09298 0.10539 0.11982 0.13687 0.15694 0.18090
-0.36953 -0.32867 -0.29390 -0.26410 -0.23837 -0.21602 -0.19652 -0.17942 -0.16433 -0.15096 -0.13908 -0.12848 -0.11897 -0.11086 -0.10312 -0.09448 -0.07319 -0.06918 -0.12716 0.28136 -0.11667 -0.22969 -0.04386 -0.03591 -0.02801 -0.02032 -0.01268 -0.00877 -0.00112 0.01010 -0.02471 -0.01658 -0.10886 0.12066 0.11272 0.03894 0.04110 0.04535 0.05249 0.05821 0.06472 0.07214 0.08063 0.09038 0.10162 0.11468 0.12986 0.14775 0.16877 0.19383
-0.34178 -0.30337 -0.27072 -0.24278 -0.21869 -0.19780 -0.17959 -0.16364 -0.14958 -0.13716 -0.12612 -0.11629 -0.10748 -0.09999 -0.09284 -0.08470 -0.06318 -0.05971 -0.12126 0.30702 -0.11146 -0.23065 -0.03608 -0.02819 -0.02035 -0.01268 -0.00504 -0.00112 0.00656 0.01790 -0.01501 -0.00675 -0.09460 0.12573 0.11873 0.04874 0.05119 0.05602 0.06408 0.07052 0.07782 0.08610 0.09555 0.10637 0.11879 0.13318 0.14985 0.16942 0.19237 0.21964
-0.30364 -0.26852 -0.23875 -0.21332 -0.19146 -0.17253 -0.15608 -0.14171 -0.12908 -0.11793 -0.10806 -0.09928 -0.09144 -0.08478 -0.07845 -0.07099 -0.04894 -0.04625 -0.11352 0.34712 -0.10468 -0.23383 -0.02492 -0.01708 -0.00925 -0.00156 0.00614 0.01010 0.01790 0.02949 -0.00098 0.00753 -0.07384 0.13393 0.12868 0.06350 0.06642 0.07212 0.08162 0.08915 0.09766 0.10728 0.11821 0.13067 0.14492 0.16138 0.18036 0.20258 0.22852 0.25924
-0.28010 -0.24697 -0.21893 -0.19503 -0.17451 -0.15679 -0.14141 -0.12800 -0.11623 -0.10587 -0.09671 -0.08859 -0.08134 -0.07520 -0.06937 -0.06232 -0.03980 -0.03761 -0.10903 0.37558 -0.10077 -0.23724 -0.01768 -0.00983 -0.00196 0.00579 0.01356 0.01758 0.02549 0.03731 0.00810 0.01681 -0.05962 0.13973 0.13630 0.07361 0.07685 0.08317 0.09366 0.10196 0.11132 0.12187 0.13384 0.14746 0.16300 0.18091 0.20153 0.22561 0.25369 0.28685
-0.25616 -0.22503 -0.19873 -0.17637 -0.15722 -0.14071 -0.12641 -0.11398 -0.10309 -0.09353 -0.08510 -0.07763 -0.07099 -0.06537 -0.06005 -0.05342 -0.03036 -0.02868 -0.10458 0.40599 -0.09691 -0.24128 -0.01018 -0.00230 0.00562 0.01345 0.02132 0.02540 0.03345 0.04553 0.01756 0.02651 -0.04489 0.14604 0.14454 0.08430 0.08787 0.09484 0.10639 0.11551 0.12577 0.13732 0.15039 0.16524 0.18217 0.20163 0.22400 0.25007 0.28042 0.31620
-0.26035 -0.22846 -0.20154 -0.17866 -0.15908 -0.14221 -0.12762 -0.11493 -0.10382 -0.09408 -0.08549 -0.07789 -0.07114 -0.06543 -0.06002 -0.05323 -0.02906 -0.02745 -0.10775 0.43140 -0.09992 -0.25249 -0.00856 -0.00035 0.00792 0.01609 0.02433 0.02859 0.03701 0.04967 0.02122 0.03061 -0.04444 0.15452 0.15218 0.09072 0.09454 0.10198 0.11429 0.12402 0.13496 0.14726 0.16118 0.17699 0.19499 0.21569 0.23947 0.26718 0.29941 0.33741
-0.26614 -0.23331 -0.20561 -0.18208 -0.16196 -0.14462 -0.12964 -0.11662 -0.10524 -0.09525 -0.08645 -0.07868 -0.07177 -0.06593 -0.06041 -0.05342 -0.02801 -0.02646 -0.11152 0.45870 -0.10349 -0.26496 -0.00707 0.00152 0.01017 0.01873 0.02736 0.03183 0.04067 0.05397 0.02491 0.03479 -0.04451 0.16377 0.16046 0.09749 0.10156 0.10951 0.12264 0.13301 0.14467 0.15778 0.17260 0.18943 0.20860 0.23062 0.25592 0.28537 0.31964 0.36001
-0.27234 -0.23849 -0.20996 -0.18573 -0.16501 -0.14719 -0.13179 -0.11841 -0.10672 -0.09648 -0.08746 -0.07949 -0.07241 -0.06644 -0.06080 -0.05358 -0.02684 -0.02535 -0.11560 0.48847 -0.10735 -0.27851 -0.00543 0.00357 0.01264 0.02163 0.03069 0.03539 0.04468 0.05867 0.02880 0.03920 -0.04380 0.17355 0.16976 0.10488 0.10923 0.11772 0.13175 0.14282 0.15526 0.16925 0.18506 0.20301 0.22344 0.24691 0.27385 0.30522 0.34170 0.38467
-0.28092 -0.24579 -0.21619 -0.19106 -0.16959 -0.15112 -0.13518 -0.12133 -0.10925 -0.09865 -0.08933 -0.08111 -0.07381 -0.06765 -0.06183 -0.05434 -0.02610 -0.02465 -0.12054 0.52052 -0.11200 -0.29371 -0.00404 0.00543 0.01498 0.02444 0.03399 0.03894 0.04873 0.06350 0.03245 0.04343 -0.04307 0.18395 0.18016 0.11262 0.11727 0.12634 0.14133 0.15315 0.16643 0.18135 0.19822 0.21737 0.23915 0.26416 0.29288 0.32631 0.36516 0.41092
-0.28577 -0.24990 -0.21968 -0.19404 -0.17214 -0.15331 -0.13705 -0.12294 -0.11062 -0.09983 -0.09034 -0.08197 -0.07454 -0.06827 -0.06236 -0.05470 -0.02559 -0.02416 -0.12340 0.53962 -0.11470 -0.30269 -0.00315 0.00659 0.01642 0.02616 0.03599 0.04110 0.05119 0.06642 0.03468 0.04601 -0.04252 0.19013 0.18634 0.11727 0.12210 0.13152 0.14707 0.15934 0.17312 0.18861 0.20611 0.22597 0.24856 0.27450 0.30427 0.33892 0.37920 0.42662
-0.29473 -0.25747 -0.22610 -0.19950 -0.17678 -0.15726 -0.14042 -0.12582 -0.11307 -0.10192 -0.09211 -0.08346 -0.07580 -0.06934 -0.06324 -0.05528 -0.02447 -0.02310 -0.12884 0.57680 -0.11983 -0.31999 -0.00135 0.00892 0.01929 0.02957 0.03996 0.04534 0.05602 0.07212 0.03909 0.05109 -0.04128 0.20209 0.19832 0.12634 0.13152 0.14161 0.15827 0.17142 0.18617 0.20275 0.22147 0.24272 0.26688 0.29462 0.32645 0.36348 0.40651 0.45716
-0.30804 -0.26864 -0.23550 -0.20742 -0.18347 -0.16290 -0.14518 -0.12982 -0.11643 -0.10472 -0.09444 -0.08539 -0.07736 -0.07061 -0.06425 -0.05583 -0.02226 -0.02102 -0.13736 0.63761 -0.12788 -0.34786 0.00186 0.01298 0.02421 0.03536 0.04663 0.05249 0.06408 0.08161 0.04658 0.05966 -0.03873 0.22152 0.21782 0.14132 0.14707 0.15827 0.17676 0.19133 0.20768 0.22605 0.24679 0.27031 0.29705 0.32773 0.36293 0.40386 0.45140 0.50735
-0.31748 -0.27650 -0.24206 -0.21290 -0.18804 -0.16671 -0.14834 -0.13244 -0.11858 -0.10648 -0.09586 -0.08651 -0.07823 -0.07128 -0.06472 -0.05596 -0.02027 -0.01913 -0.14376 0.68530 -0.13394 -0.36938 0.00456 0.01633 0.02822 0.04004 0.05200 0.05821 0.07052 0.08915 0.05263 0.06655 -0.03634 0.23664 0.23302 0.15315 0.15934 0.17142 0.19133 0.20703 0.22464 0.24441 0.26672 0.29203 0.32079 0.35377 0.39161 0.43559 0.48667 0.54676
-0.32698 -0.28436 -0.24855 -0.21826 -0.19246 -0.17033 -0.15129 -0.13483 -0.12049 -0.10798 -0.09701 -0.08737 -0.07884 -0.07167 -0.06493 -0.05581 -0.01778 -0.01677 -0.15059 0.73842 -0.14043 -0.39302 0.00777 0.02024 0.03286 0.04541 0.05812 0.06472 0.07782 0.09766 0.05958 0.07441 -0.03328 0.25338 0.24988 0.16643 0.17312 0.18617 0.20768 0.22464 0.24365 0.26498 0.28906 0.31636 0.34737 0.38293 0.42371 0.47110 0.52612 0.59082
-0.33653 -0.29216 -0.25493 -0.22345 -0.19666 -0.17372 -0.15399 -0.13694 -0.12211 -0.10918 -0.09786 -0.08791 -0.07913 -0.07175 -0.06482 -0.05532 -0.01471 -0.01386 -0.15792 0.79779 -0.14740 -0.41907 0.01154 0.02479 0.03822 0.05157 0.06510 0.07214 0.08610 0.10728 0.06753 0.08338 -0.02945 0.27196 0.26862 0.18135 0.18861 0.20275 0.22605 0.24441 0.26498 0.28807 0.31412 0.34364 0.37718 0.41561 0.45967 0.51087 0.57029 0.64014
-0.34599 -0.29980 -0.26107 -0.22836 -0.20055 -0.17675 -0.15631 -0.13866 -0.12333 -0.10997 -0.09829 -0.08804 -0.07900 -0.07141 -0.06430 -0.05440 -0.01092 -0.01029 -0.16579 0.86443 -0.15490 -0.44790 0.01601 0.03012 0.04443 0.05867 0.07311 0.08062 0.09555 0.11820 0.07669 0.09366 -0.02467 0.29268 0.28956 0.19822 0.20611 0.22147 0.24679 0.26672 0.28906 0.31412 0.34239 0.37441 0.41077 0.45243 0.50019 0.55565 0.62000 0.69564
-0.36656 -0.32082 -0.28326 -0.25247 -0.22744 -0.20745 -0.19212 -0.18130 -0.17517 -0.17448 -0.18069 -0.19680 -0.22873 -0.28473 -0.40050 -0.68216 -1.47632 0.69614 0.98069 -3.76925 -1.43683 -1.05412 -0.30518 -0.17242 -0.09220 -0.03818 0.00259 0.02033 0.05100 0.09032 0.05413 0.07802 -0.04165 0.29670 0.29699 0.20399 0.21391 0.23282 0.26313 0.28652 0.31241 0.34117 0.37335 0.40993 0.42506 0.43625 0.45298 0.47616 0.50645 0.54530
0.36251 0.57162 0.79667 1.04792 1.33592 1.67702 2.09228 2.61283 3.28848 4.19062 5.45875 7.30458 10.20878 14.80548 23.88085 -24.08025 -73.04489 55.87768 80.72199 -273.53683 -69.63328 -41.40030 23.17901 14.48669 9.86506 7.18033 5.44914 4.79818 3.81479 2.82504 2.29362 1.93226 1.49456 1.59582 1.38250 1.10221 1.02284 0.89562 0.74247 0.65274 0.57364 0.50303 0.43946 0.38165 0.32848 0.27920 0.23291 0.18912 0.14710 0.10639
0.23945 0.44269 0.65940 0.89931 1.17235 1.49384 1.88335 2.36980 2.99930 3.83788 5.01442 6.72410 9.40957 13.65186 22.00324 -22.39433 -67.76262 51.78412 74.84260 -253.63203 -64.59259 -38.39625 21.37062 13.37302 9.11019 6.63048 5.03023 4.42829 3.51875 2.60313 2.10316 1.76893 1.34432 1.48152 1.28098 1.00551 0.93152 0.81282 0.66964 0.58553 0.51122 0.44471 0.38463 0.32981 0.27920 0.23208 0.18761 0.14532 0.10451 0.06475
0.12115 0.31991 0.52983 0.76014 1.02031 1.32468 1.69155 2.14783 2.73637 3.51844 4.61344 6.20192 8.69288 12.62066 20.33220 -20.88469 -63.03972 48.11876 69.57713 -235.83026 -60.08496 -35.71191 19.76165 12.37850 8.43443 6.13738 4.65400 4.09586 3.25235 2.40309 1.93063 1.62074 1.20626 1.37925 1.18991 0.91747 0.84828 0.73714 0.60278 0.52365 0.45354 0.39062 0.33359 0.28135 0.23291 0.18761 0.14464 0.10355 0.06368 0.02460
0.00636 0.20198 0.40653 0.62892 0.87812 1.16766 1.51470 1.94439 2.49667 3.22855 4.25103 5.73169 8.04968 11.69828 18.84396 -19.52631 -58.79835 44.82529 64.84415 -219.84470 -56.03729 -33.30484 18.32932 11.49005 7.82930 5.69500 4.31594 3.79692 3.01248 2.22262 1.77406 1.48599 1.07885 1.28783 1.10825 0.83709 0.77216 0.66773 0.54116 0.46640 0.39998 0.34017 0.28576 0.23572 0.18912 0.14532 0.10355 0.06339 0.02420 -0.01446
-0.10668 0.08700 0.28751 0.50341 0.74330 1.01999 1.34961 1.75572 2.27567 2.96266 3.92013 5.30406 7.46692 10.86550 17.50605 -18.30222 -54.97771 41.85268 60.57221 -205.43758 -52.39038 -31.13767 17.04241 10.68911 7.28246 5.29447 4.00935 3.52561 2.79443 2.05823 1.63048 1.36216 0.95978 1.20545 1.03440 0.76290 0.70177 0.60332 0.48367 0.41277 0.34959 0.29249 0.24034 0.19217 0.14710 0.10451 0.06369 0.02420 -0.01457 -0.05303
-0.21921 -0.02626 0.17147 0.38226 0.61442 0.88008 1.19449 1.57978 2.07099 2.71787 3.61711 4.91426 6.93795 10.11246 16.30158 -17.19494 -51.52338 39.16103 56.70368 -192.40765 -49.09304 -29.18061 15.88476 9.96622 6.78768 4.93134 3.73087 3.27894 2.59586 1.90814 1.49835 1.24791 0.84779 1.13124 0.96760 0.69409 0.63636 0.54323 0.42970 0.36219 0.30182 0.24706 0.19684 0.15023 0.10639 0.06475 0.02460 -0.01446 -0.05303 -0.09154
