4.000000000000000000e+01
4.000000000000000000e+01
4.000000000000000000e+01
4.000000000000000000e+01
4.000000000000000000e+01
4.000000000000000000e+01
4.000000000000000000e+01
4.000000000000000000e+01
4.000000000000000000e+01
4.000000000000000000e+01
4.000000000000000000e+01
4.000000000000000000e+01
4.000000000000000000e+01
4.000000000000000000e+01
4.000000000000000000e+01
4.000000000000000000e+01
4.000000000000000000e+01
4.000000000000000000e+01
4.000000000000000000e+01
4.000000000000000000e+01
4.000000000000000000e+01
4.000000000000000000e+01
4.000000000000000000e+01
4.000000000000000000e+01
4.000000000000000000e+01
4.000000000000000000e+01
4.000000000000000000e+01
4.000000000000000000e+01
4.000000000000000000e+01
4.000000000000000000e+01
4.000000000000000000e+01
4.000000000000000000e+01
4.000000000000000000e+01
4.000000000000000000e+01
4.000000000000000000e+01
4.000000000000000000e+01
7.795055086994979376e+01
7.855264621204659647e+01
7.783472524805432613e+01
7.600957059929916682e+01
7.327271776110234214e+01
7.042396632016328795e+01
6.119451849239725760e+01
3.153678576729475225e+01
3.153678576729475225e+01
3.153678576729475225e+01
3.153678576729475225e+01
3.153678576729475225e+01
3.153678576729475225e+01
3.153678576729475225e+01
3.153678576729475225e+01
6.119451849239725760e+01
7.042396632016328795e+01
7.327271776110234214e+01
7.600957059929916682e+01
7.783472524805432613e+01
7.855264621204659647e+01
7.795055086994979376e+01
4.000000000000000000e+01
4.000000000000000000e+01
4.000000000000000000e+01
4.000000000000000000e+01
4.000000000000000000e+01
4.000000000000000000e+01
4.000000000000000000e+01
4.000000000000000000e+01
4.000000000000000000e+01
4.000000000000000000e+01
4.000000000000000000e+01
4.000000000000000000e+01
4.000000000000000000e+01
7.855264621204659647e+01
7.783472524805434034e+01
7.600957059929918103e+01
7.327271776110234214e+01
7.042396632016333058e+01
6.119451849239732866e+01
4.596722299293760017e+01
3.153678576729477712e+01
3.153678576729477712e+01
3.153678576729477712e+01
3.153678576729477712e+01
3.153678576729477712e+01
3.153678576729477712e+01
3.153678576729477712e+01
3.153678576729477712e+01
4.596722299293760017e+01
6.119451849239732866e+01
7.042396632016333058e+01
7.327271776110234214e+01
7.600957059929918103e+01
7.783472524805434034e+01
7.855264621204659647e+01
4.000000000000000000e+01
4.000000000000000000e+01
4.000000000000000000e+01
4.000000000000000000e+01
4.000000000000000000e+01
4.000000000000000000e+01
4.000000000000000000e+01
4.000000000000000000e+01
4.000000000000000000e+01
4.000000000000000000e+01
4.000000000000000000e+01
4.000000000000000000e+01
4.000000000000000000e+01
4.000000000000000000e+01
4.000000000000000000e+01
4.000000000000000000e+01
4.000000000000000000e+01
4.000000000000000000e+01
4.000000000000000000e+01
4.000000000000000000e+01
4.000000000000000000e+01
4.000000000000000000e+01
4.000000000000000000e+01
4.000000000000000000e+01
4.000000000000000000e+01
4.000000000000000000e+01
4.000000000000000000e+01
4.000000000000000000e+01
4.000000000000000000e+01
4.000000000000000000e+01
4.000000000000000000e+01
4.000000000000000000e+01
4.000000000000000000e+01
4.000000000000000000e+01
4.000000000000000000e+01
4.000000000000000000e+01
4.000000000000000000e+01
