4.000000000000000000e+01
4.000000000000000000e+01
4.000000000000000000e+01
4.000000000000000000e+01
4.000000000000000000e+01
4.000000000000000000e+01
4.000000000000000000e+01
4.000000000000000000e+01
4.000000000000000000e+01
4.000000000000000000e+01
4.000000000000000000e+01
4.000000000000000000e+01
4.000000000000000000e+01
4.000000000000000000e+01
4.000000000000000000e+01
4.000000000000000000e+01
4.000000000000000000e+01
4.000000000000000000e+01
4.000000000000000000e+01
4.000000000000000000e+01
4.000000000000000000e+01
4.000000000000000000e+01
4.000000000000000000e+01
4.000000000000000000e+01
4.000000000000000000e+01
4.000000000000000000e+01
4.000000000000000000e+01
4.000000000000000000e+01
4.000000000000000000e+01
4.000000000000000000e+01
4.000000000000000000e+01
4.000000000000000000e+01
4.000000000000000000e+01
4.000000000000000000e+01
4.000000000000000000e+01
4.000000000000000000e+01
4.000000000000000000e+01
6.705394371479131621e+01
6.880336853603816394e+01
6.920002965908543047e+01
7.078456688653328399e+01
6.964887823810998668e+01
6.813660880383680762e+01
6.400642955259840505e+01
6.118191949623013670e+01
5.820301958804028430e+01
4.983698948990411282e+01
4.983698948990411282e+01
4.983698948990411282e+01
4.983698948990411282e+01
4.983698948990411282e+01
4.983698948990411282e+01
5.820301958804028430e+01
6.118191949623013670e+01
6.400642955259840505e+01
6.813660880383680762e+01
6.964887823810998668e+01
7.078456688653328399e+01
6.920002965908543047e+01
6.880336853603816394e+01
6.705394371479131621e+01
4.000000000000000000e+01
4.000000000000000000e+01
4.000000000000000000e+01
4.000000000000000000e+01
4.000000000000000000e+01
4.000000000000000000e+01
4.000000000000000000e+01
4.000000000000000000e+01
4.000000000000000000e+01
4.000000000000000000e+01
4.000000000000000000e+01
4.000000000000000000e+01
4.000000000000000000e+01
4.000000000000000000e+01
4.000000000000000000e+01
4.000000000000000000e+01
4.000000000000000000e+01
6.880336853603817815e+01
6.920002965908543047e+01
7.078456688653328399e+01
6.964887823810997247e+01
6.813660880383677920e+01
6.400642955259837663e+01
6.118191949623008696e+01
5.820301958804024878e+01
5.246908025520596652e+01
4.983698948990399913e+01
4.983698948990399913e+01
4.983698948990399913e+01
4.983698948990399913e+01
4.983698948990399913e+01
4.983698948990399913e+01
5.246908025520596652e+01
5.820301958804024878e+01
6.118191949623008696e+01
6.400642955259837663e+01
6.813660880383677920e+01
6.964887823810997247e+01
7.078456688653328399e+01
6.920002965908543047e+01
6.880336853603817815e+01
4.000000000000000000e+01
4.000000000000000000e+01
4.000000000000000000e+01
4.000000000000000000e+01
4.000000000000000000e+01
4.000000000000000000e+01
4.000000000000000000e+01
4.000000000000000000e+01
4.000000000000000000e+01
4.000000000000000000e+01
4.000000000000000000e+01
4.000000000000000000e+01
4.000000000000000000e+01
4.000000000000000000e+01
4.000000000000000000e+01
4.000000000000000000e+01
4.000000000000000000e+01
4.000000000000000000e+01
4.000000000000000000e+01
4.000000000000000000e+01
4.000000000000000000e+01
4.000000000000000000e+01
4.000000000000000000e+01
4.000000000000000000e+01
4.000000000000000000e+01
4.000000000000000000e+01
4.000000000000000000e+01
4.000000000000000000e+01
4.000000000000000000e+01
4.000000000000000000e+01
4.000000000000000000e+01
4.000000000000000000e+01
4.000000000000000000e+01
4.000000000000000000e+01
4.000000000000000000e+01
4.000000000000000000e+01
4.000000000000000000e+01
4.000000000000000000e+01
