
 ==============================
 S N O P T  7.7.7    (Feb 2021)
 ==============================

 SNMEMB EXIT 100 -- finished successfully
 SNMEMB INFO 104 -- memory requirements estimated

 ==============================
 S N O P T  7.7.7    (Feb 2021)
 ==============================



 Nonlinear constraints       4     Linear constraints       0
 Nonlinear variables        29     Linear variables         0
 Jacobian  variables        29     Objective variables     29
 Total constraints           4     Total variables         29



 The user has defined     116   out of     116   constraint gradients.
 The user has defined      29   out of      29   objective  gradients.


 Major Minors     Step   nCon Feasible  Optimal  MeritFunction     nS Penalty
     0     32               1  3.8E-02  3.3E-02  3.6083651E+03      7           r
     1     56  1.0E-01      2  3.6E-02  1.1E-02  4.2091430E+03     12 2.4E+04   rD
     2     13  2.6E-02      4  3.5E-02  1.1E-02  5.0651828E+03      9 4.2E+04   rD
     3     10  2.9E-02      6  3.3E-02  1.2E-02  5.0564039E+03      9 4.2E+04   r
     4      6  1.6E-02      8  3.3E-02  1.1E-02  5.1047761E+03     11 4.3E+04   r
     5     10  1.7E-02     10  3.2E-02  1.4E-02  3.0664427E+03     12           r
     6      2  5.4E-03     12  3.2E-02  1.5E-02  5.1886410E+03     13 5.7E+04   r
     7      4  6.3E-03     14  3.2E-02  1.4E-02  5.2250265E+03     16 5.8E+04   r
     8      4  1.1E-02     16  3.1E-02  1.6E-02  5.2323944E+03     17 5.8E+04   r
     9      4  6.9E-03     18  3.1E-02  1.6E-02  3.1063638E+03     16           r

 Major Minors     Step   nCon Feasible  Optimal  MeritFunction     nS Penalty
    10      8  7.7E-03     20  3.1E-02  1.7E-02  5.2745059E+03     17 6.1E+04   r
    11      9  8.0E-03     22  3.0E-02  1.7E-02  5.2966070E+03     21 6.2E+04   r
    12     17  1.1E-02     24  3.0E-02  1.7E-02  5.3150388E+03     17 6.3E+04   r
    13      5  4.5E-03     26  3.0E-02  1.8E-02  3.1507266E+03     21           r
    14      2  3.2E-03     28  3.0E-02  1.8E-02  5.3472899E+03     22 6.6E+04   r
    15      2  5.6E-03     30  3.0E-02  1.8E-02  5.3560617E+03     23 6.6E+04   r
    16      4  3.5E-02     32  2.9E-02  1.7E-02  5.3449642E+03     20 6.6E+04   r
    17      2  2.4E-03     34  2.8E-02  1.8E-02  3.2207699E+03     21           r
    18      1  3.1E-03     36  2.8E-02  1.8E-02  5.3445480E+03     21 7.0E+04   r
    19      3  4.3E-03     38  2.8E-02  1.8E-02  5.3661171E+03     23 7.1E+04   r

 Major Minors     Step   nCon Feasible  Optimal  MeritFunction     nS Penalty
    20      4  1.1E-02     40  2.8E-02  1.6E-02  5.3771065E+03     22 7.1E+04   r
    21      6  7.9E-03     42  2.8E-02  1.7E-02  3.2591777E+03     22           r
    22      1  1.3E-03     44  2.8E-02  1.7E-02  5.3483493E+03     22 7.2E+04   r
    23      1  2.5E-03     46  2.8E-02  1.8E-02  5.3590784E+03     22 7.3E+04   r
    24      5  7.5E-03     48  2.7E-02  1.6E-02  5.3765669E+03     23 7.3E+04   r
    25      4  6.0E-03     50  2.7E-02  1.7E-02  3.2840404E+03     23           r
    26      1  7.3E-04     52  2.7E-02  1.7E-02  5.3571924E+03     23 7.4E+04   r
    27      1  1.1E-03     54  2.7E-02  1.7E-02  5.3639701E+03     23 7.4E+04   r
    28      2  2.0E-03     56  2.7E-02  1.8E-02  5.3728319E+03     24 7.5E+04   r
    29      3  5.2E-03     58  2.7E-02  1.6E-02  3.2976051E+03     26           r

 Major Minors     Step   nCon Feasible  Optimal  MeritFunction     nS Penalty
    30      5  9.5E-03     60  2.7E-02  1.6E-02  5.3567341E+03     24 7.5E+04   r
    31      1  8.5E-04     62  2.7E-02  1.7E-02  5.3572438E+03     24 7.5E+04   r
    32      1  9.3E-04     64  2.7E-02  1.7E-02  5.3594557E+03     24 7.5E+04   r
    33      1  1.6E-03     66  2.7E-02  1.7E-02  3.3162393E+03     24           r
    34      3  3.7E-03     68  2.7E-02  1.7E-02  5.3749098E+03     26 7.7E+04   r
    35      3  1.4E-02     70  2.6E-02  1.5E-02  5.3871824E+03     24 7.7E+04   r
    36      6  6.5E-03     72  2.6E-02  1.6E-02  5.3840418E+03     23 7.7E+04   r
    37      2  1.7E-03     74  2.6E-02  1.7E-02  3.3531875E+03     24           r
    38      3  2.5E-03     76  2.6E-02  1.7E-02  5.3796483E+03     26 7.9E+04   r
    39      4  3.2E-02     78  2.5E-02  1.5E-02  5.3835971E+03     23 7.9E+04   r

 Major Minors     Step   nCon Feasible  Optimal  MeritFunction     nS Penalty
    40      3  4.4E-03     80  2.5E-02  1.5E-02  5.3817614E+03     25 7.9E+04   r
    41      3  7.4E-03     82  2.5E-02  1.6E-02  3.4178890E+03     24           r
    42      2  4.0E-03     84  2.5E-02  1.7E-02  5.3761689E+03     25 8.3E+04   r
    43      2  4.0E-03     86  2.4E-02  1.6E-02  5.3976716E+03     26 8.4E+04   r
    44      4  2.0E-02     88  2.4E-02  1.4E-02  5.3924681E+03     23 8.4E+04   r
    45      2  4.6E-03     90  2.4E-02  1.6E-02  3.4639980E+03     24           r
    46      3  5.6E-03     92  2.4E-02  1.6E-02  5.3852024E+03     26 8.7E+04   r
    47      1  6.4E-03     94  2.4E-02  1.5E-02  5.3994723E+03     26 8.8E+04   r
    48      4  1.0E-02     96  2.3E-02  1.5E-02  5.3956228E+03     23 8.8E+04   r
    49      1  4.2E-04     98  2.3E-02  1.5E-02  3.4954156E+03     23           r

 Major Minors     Step   nCon Feasible  Optimal  MeritFunction     nS Penalty
    50      1  5.4E-04    100  2.3E-02  1.6E-02  5.3747468E+03     23 8.9E+04   r
    51      1  8.4E-04    102  2.3E-02  1.6E-02  5.3785209E+03     23 8.9E+04   r
    52      2  1.5E-03    104  2.3E-02  1.6E-02  5.3842217E+03     24 8.9E+04   r
    53      3  2.8E-03    106  2.3E-02  1.6E-02  3.5032910E+03     26           r
    54     32  1.6E-01    108  1.9E-02  1.4E+00  5.3880074E+03      4 9.1E+04 sm
    55     11  3.9E-03    110  1.9E-02  1.4E+00  2.1345170E+04      4 1.1E+06
    56     21  8.4E-04    112  1.9E-02  4.2E-01  3.8148471E+04     24 2.2E+06   RD
    57      6  8.6E-03    114  1.9E-02  4.7E-01  4.6632877E+04     24 2.8E+06   R
    58      4  4.6E-02    115  1.8E-02  1.0E-01  5.5708151E+04     24 3.5E+06 s
    59      1  4.7E-01    116  5.7E-03  4.5E-01  5.7782798E+03     24 2.2E+03    l

 Major Minors     Step   nCon Feasible  Optimal  MeritFunction     nS Penalty
    60      3  1.0E+00    117  8.2E-04  2.4E-02  4.7132358E+03     26 7.9E+01
    61      5  1.0E+00    118  1.4E-04  5.7E-02  4.5125523E+03     24 1.5E+01
    62      3  1.0E+00    119  2.0E-04  3.2E-02  4.3658559E+03     24 6.5E+00
    63      5  1.0E+00    120  8.0E-05  1.7E-01  4.1101141E+03     22 6.5E+00
    64      5  1.0E+00    121  4.4E-04  1.1E-01  3.9633816E+03     24 6.5E+00
    65      2  1.0E+00    122  1.3E-04  5.3E-02  3.7732670E+03     23 6.5E+00
    66      2  1.0E+00    123  1.3E-04  2.5E-02  3.4662239E+03     22 6.5E+00
    67      5  1.0E+00    124  1.9E-05  3.0E-02  3.3892468E+03     24 6.5E+00
    68      8  1.0E+00    125  8.6E-05  6.2E-02  3.2202196E+03     25 6.5E+00
    69      3  1.0E+00    126  7.6E-04  5.1E-02  3.0454367E+03     23 6.5E+00

 Major Minors     Step   nCon Feasible  Optimal  MeritFunction     nS Penalty
    70      4  1.0E+00    127  1.6E-04  3.8E-02  3.0367950E+03     22 1.0E+03
    71      2  1.0E+00    128  4.0E-05  2.5E-01  2.9695380E+03     23 6.6E+01
    72      4  1.0E+00    130  1.7E-05  5.0E-02  2.9038704E+03     20 2.6E+01
    73      6  4.4E-01    132  4.4E-05  1.5E-02  2.8913876E+03     23 2.6E+01  m
    74      4  4.8E-01    133  3.2E-05  1.4E-01  2.8818248E+03     22 2.6E+01
    75      5  1.0E+00    134  6.6E-05  9.0E-02  2.8131442E+03     22 2.6E+01
    76      2  1.0E+00    135  5.6E-05  1.6E-01  2.7497833E+03     23 2.6E+01
    77      6  1.0E+00    136 (6.0E-06) 1.2E-01  2.7300115E+03     25 8.0E+03
    78      9  2.2E-01    137 (5.3E-06) 7.0E-02  2.6936697E+03     23 4.5E+02
    79      2  1.0E+00    138  1.3E-04  2.8E-02  2.5522350E+03     24 1.6E+02

 Major Minors     Step   nCon Feasible  Optimal  MeritFunction     nS Penalty
    80      2  4.7E-01    139  7.1E-05  2.4E-02  2.5432658E+03     23 1.6E+02
    81      2  1.0E+00    140 (4.2E-06) 5.3E-02  2.5379769E+03     22 1.6E+03
    82      1  1.0E+00    141 (9.9E-06) 2.8E-02  2.5161708E+03     22 3.5E+02
    83      5  1.0E+00    142  1.3E-05  1.9E-02  2.4947410E+03     22 3.5E+02
    84      4  1.0E+00    143  1.4E-05  2.9E-02  2.4423888E+03     21 3.5E+02
    85      4  1.0E+00    144  2.0E-05  3.5E-02  2.4350719E+03     22 7.7E+03
    86      2  4.1E-01    145  1.2E-05  3.5E-02  2.4288264E+03     23 1.8E+03
    87      4  1.0E+00    146  1.3E-05  7.6E-02  2.4220173E+03     22 1.8E+03
    88      5  1.0E+00    147  5.8E-05  4.0E-02  2.3935599E+03     22 1.8E+03
    89     12  1.0E+00    148  4.6E-05  4.5E-02  2.3448430E+03     22 1.8E+03

 Major Minors     Step   nCon Feasible  Optimal  MeritFunction     nS Penalty
    90      4  1.0E+00    150  1.6E-05  3.0E-02  2.3241560E+03     21 5.3E+03  M
    91      3  5.8E-02    151  1.5E-05  3.3E-02  2.3143262E+03     21 2.7E+03
    92      1  1.0E+00    152  4.5E-05  1.7E-02  2.3104030E+03     21 2.7E+03
    93      1  1.0E+00    153 (1.6E-06) 2.5E-02  2.3081999E+03     21 2.7E+03
    94      3  1.0E+00    154 (8.9E-07) 1.5E-02  2.3021363E+03     23 2.7E+03
    95      2  1.0E+00    155  7.7E-05  1.5E-02  2.2958525E+03     22 2.7E+03
    96      2  1.0E+00    156 (9.1E-06) 1.2E-02  2.2712032E+03     23 2.7E+03
    97      1  1.0E+00    157 (1.7E-06) 1.5E-02  2.2674593E+03     23 1.1E+04
    98      1  1.0E+00    158  1.5E-05  1.4E-02  2.2532272E+03     23 1.1E+04
    99      2  3.7E-01    159  1.0E-05  1.4E-02  2.2482519E+03     24 1.1E+04

 Major Minors     Step   nCon Feasible  Optimal  MeritFunction     nS Penalty
   100      1  3.1E-01    160  1.1E-05  1.5E-02  2.2461824E+03     24 1.1E+04
   101      2  1.0E+00    161 (5.1E-06) 1.4E-02  2.2432020E+03     23 1.1E+04
   102      1  1.0E+00    162  2.2E-05  1.8E-02  2.2402169E+03     23 1.1E+04
   103      2  1.0E+00    163 (7.0E-06) 1.1E-02  2.2297822E+03     22 1.1E+04
   104      2  1.0E+00    164  1.3E-05  6.9E-03  2.2229430E+03     21 1.1E+04
   105      1  1.0E+00    165 (1.5E-06) 1.1E-02  2.2183095E+03     21 1.1E+04
   106      2  1.0E+00    167 (5.2E-06) 1.2E-02  2.2064729E+03     20 1.1E+04  m
   107     12  1.0E+00    168  2.9E-05  1.3E-02  2.1976677E+03     23 1.1E+04
   108      1  1.0E+00    169 (8.6E-06) 6.5E-03  2.1771557E+03     23 1.1E+04
   109      1  1.0E+00    170  1.2E-05  6.4E-03  2.1736560E+03     23 1.1E+04

 Major Minors     Step   nCon Feasible  Optimal  MeritFunction     nS Penalty
   110      1  1.0E+00    171 (1.5E-06) 5.6E-03  2.1684174E+03     23 1.1E+04
   111      1  1.0E+00    172 (6.2E-06) 5.2E-03  2.1599013E+03     23 1.1E+04
   112      3  1.0E+00    173 (3.5E-06) 1.5E-02  2.1524114E+03     21 1.1E+04
   113      3  3.0E-01    174  1.5E-05  5.9E-03  2.1400498E+03     23 1.1E+04
   114      2  1.0E+00    175 (8.5E-06) 8.5E-03  2.1389891E+03     22 1.1E+04
   115      1  2.4E-01    176 (6.5E-06) 4.9E-03  2.1388170E+03     22 1.1E+04
   116      1  1.0E+00    177 (5.1E-07) 6.6E-03  2.1371883E+03     22 1.1E+04
   117      2  1.0E+00    178 (3.6E-07) 6.7E-03  2.1345784E+03     23 1.1E+04
   118      1  1.0E+00    179 (3.9E-07) 5.4E-03  2.1296088E+03     23 1.1E+04
   119      2  1.0E+00    180 (1.6E-06) 3.8E-03  2.1237436E+03     22 1.1E+04

 Major Minors     Step   nCon Feasible  Optimal  MeritFunction     nS Penalty
   120      1  1.0E+00    181 (1.2E-06) 7.0E-03  2.1181250E+03     22 1.1E+04
   121      1  1.0E+00    182 (1.6E-06) 1.0E-02  2.1155255E+03     22 1.1E+04
   122      1  7.5E-01    183  2.3E-05  3.1E-02  2.0981479E+03     22 1.1E+04
   123      1  1.0E+00    184 (7.6E-06) 9.4E-03  2.0934974E+03     22 1.1E+04
   124      1  1.0E+00    185 (2.5E-06) 1.6E-02  2.0892696E+03     22 1.1E+04
   125      1  4.7E-01    186 (9.9E-06) 4.4E-03  2.0848758E+03     22 1.1E+04
   126      1  1.0E+00    187  1.8E-05  1.2E-02  2.0802286E+03     22 1.1E+04
   127      1  1.0E+00    188 (9.7E-07) 4.2E-03  2.0773676E+03     22 1.1E+04
   128      2  1.0E+00    189 (2.1E-06) 5.6E-03  2.0731022E+03     21 1.1E+04
   129      1  1.0E+00    190 (1.6E-06) 8.2E-03  2.0674215E+03     21 1.1E+04

 Major Minors     Step   nCon Feasible  Optimal  MeritFunction     nS Penalty
   130      1  1.0E+00    191 (2.1E-07) 8.9E-03  2.0672091E+03     21 1.1E+04
   131      1  1.0E+00    192 (3.8E-07) 8.7E-03  2.0666439E+03     21 1.1E+04
   132      1  1.0E+00    193 (1.0E-07) 7.4E-03  2.0664344E+03     21 1.1E+04
   133      1  1.0E+00    194 (7.2E-08) 7.3E-03  2.0657257E+03     21 1.1E+04
   134      1  1.0E+00    195 (6.4E-07) 6.9E-03  2.0652800E+03     21 1.1E+04
   135      2  1.0E+00    196 (2.1E-06) 3.5E-03  2.0652477E+03     20 1.1E+04
   136      1  2.1E-01    197 (2.0E-06) 3.7E-03  2.0652331E+03     20 1.1E+04
   137      1  4.4E-01    198 (2.7E-06) 3.7E-03  2.0649668E+03     20 1.1E+04
   138      1  4.6E-01    199 (2.5E-06) 2.9E-03  2.0647626E+03     20 1.1E+04
   139      1  1.0E+00    200 (2.6E-06) 5.8E-03  2.0647564E+03     20 1.1E+04

 Major Minors     Step   nCon Feasible  Optimal  MeritFunction     nS Penalty
   140      2  1.0E+00    201 (3.4E-06) 2.4E-03  2.0646047E+03     19 1.1E+04
   141      1  1.0E+00    202 (2.7E-07) 3.2E-03  2.0638284E+03     19 1.1E+04
   142      2  1.0E+00    203 (5.5E-08) 3.1E-03  2.0627105E+03     20 1.1E+04
   143      1  1.0E+00    204 (1.1E-07) 2.2E-03  2.0618759E+03     20 1.1E+04
   144      1  1.0E+00    205 (2.9E-07) 2.3E-03  2.0606587E+03     20 1.1E+04
   145      1  1.0E+00    206 (5.3E-06) 8.8E-03  2.0596629E+03     20 1.1E+04
   146      1  1.0E+00    207 (1.7E-06) 3.2E-03  2.0584723E+03     20 1.1E+04
   147      1  1.0E+00    208 (2.6E-07) 3.3E-03  2.0582519E+03     20 1.1E+04
   148      1  1.0E+00    209 (2.3E-06) 1.6E-03  2.0581408E+03     20 1.1E+04
   149      1  2.2E-01    210 (2.3E-06) 5.2E-03  2.0581170E+03     20 1.1E+04

 Major Minors     Step   nCon Feasible  Optimal  MeritFunction     nS Penalty
   150      1  4.0E-01    211 (3.5E-06) 5.8E-03  2.0579174E+03     20 1.1E+04
   151      2  3.5E-01    212 (3.7E-06) 7.3E-03  2.0578327E+03     19 1.1E+04
   152      1  4.4E-01    213 (3.1E-06) 6.3E-03  2.0575869E+03     19 1.1E+04
   153      2  1.0E+00    214 (1.2E-06) 3.6E-03  2.0569784E+03     20 1.1E+04
   154      1  1.0E+00    215 (4.8E-07) 3.5E-03  2.0562577E+03     20 1.1E+04
   155      1  1.0E+00    216 (2.0E-06) 4.3E-03  2.0548297E+03     20 1.1E+04
   156      1  1.0E+00    217 (2.3E-06) 3.9E-03  2.0532776E+03     20 1.1E+04
   157      1  1.0E+00    218 (9.3E-07) 3.0E-03  2.0521956E+03     20 1.1E+04
   158      2  1.0E+00    219 (6.8E-07) 2.7E-03  2.0521921E+03     21 1.1E+04
   158      1             219 (6.8E-07) 3.8E-03  2.0521915E+03     21           R
   159      2  1.0E+00    220 (3.1E-08) 7.1E-03  2.0520299E+03     20         s

 Major Minors     Step   nCon Feasible  Optimal  MeritFunction     nS Penalty
   160      1  1.0E+00    221 (9.1E-06) 1.7E-03  2.0508662E+03     20
   161      1  1.0E+00    222  1.5E-05  2.8E-03  2.0477731E+03     20
   162      1  2.2E-01    223  1.1E-05  4.8E-03  2.0473929E+03     20
   163      1  1.0E+00    224 (6.9E-07) 4.0E-03  2.0465460E+03     20
   164      1  4.8E-01    225 (1.7E-06) 3.0E-03  2.0458936E+03     20
   165      1  1.0E+00    226 (2.1E-06) 1.3E-03  2.0439442E+03     20
   166      1  1.0E+00    227 (2.0E-06) 2.5E-03  2.0418646E+03     20
   167      1  1.0E+00    228  4.4E-05  1.8E-02  2.0373175E+03     20
   168      1  1.0E+00    229  1.3E-05  2.2E-03  2.0292825E+03     20
   169      3  1.0E+00    230 (2.0E-06) 4.8E-03  2.0255976E+03     18

 Major Minors     Step   nCon Feasible  Optimal  MeritFunction     nS Penalty
   170      2  1.0E+00    231 (5.4E-06) 2.0E-02  2.0220159E+03     19
   171      2  1.0E+00    232  2.2E-05  7.5E-03  2.0200785E+03     20
   172      1  1.0E+00    234 (6.0E-07) 5.9E-03  2.0177680E+03     20
   173      1  1.0E+00    235  3.0E-05  2.3E-02  2.0146607E+03     20
   174      2  1.0E+00    236 (2.5E-06) 5.7E-03  2.0116375E+03     19 1.5E+03
   175      2  1.0E+00    237  3.3E-05  2.5E-02  2.0083590E+03     20 3.9E+01
   176      1  1.0E+00    238 (7.2E-06) 4.1E-03  2.0037884E+03     20 8.9E+00
   177      1  1.0E+00    239 (3.0E-07) 1.8E-03  2.0025868E+03     20 4.3E+00
   178      1  1.0E+00    240 (2.1E-06) 1.1E-03  2.0025004E+03     20 4.3E+00
   179      1  1.0E+00    241 (2.7E-07) 7.6E-04  2.0023710E+03     20 4.3E+00

 Major Minors     Step   nCon Feasible  Optimal  MeritFunction     nS Penalty
   180      1  4.9E-01    242 (7.1E-07) 8.2E-04  2.0021741E+03     20 4.3E+00
   181      1  1.6E-02    243 (7.2E-07) 6.4E-04  2.0021741E+03     20 4.3E+00
   181      1             243 (7.2E-07) 5.3E-04  2.0021741E+03     20           R
   182      1  1.0E+00    244 (4.7E-09) 1.3E-03  2.0019880E+03     20         s
   183      1  4.3E-01    245 (3.5E-07) 1.2E-03  2.0019317E+03     20
   183      1             245 (3.5E-07) 9.3E-04  2.0019317E+03     20           R
   184      1  4.7E-01    246 (3.3E-07) 1.7E-03  2.0019299E+03     20         s
   184      1             246 (3.3E-07) 8.2E-04  2.0019299E+03     20         s R
   185      1  1.0E+00    247 (4.4E-07) 1.6E-03  2.0014716E+03     20         s
   185      1             247 (4.4E-07) 1.1E-03  2.0014716E+03     20         s R
   186      1  1.0E+00    248 (5.2E-07) 1.7E-04  2.0009933E+03     20         s
   187      1  3.1E-01    249 (1.3E-06) 3.3E-04  1.9994419E+03     20
   188      1  4.8E-01    250 (2.5E-06) 1.4E-03  1.9988327E+03     20
   189      1  8.6E-02    251 (2.2E-06) 2.3E-03  1.9985662E+03     20

 Major Minors     Step   nCon Feasible  Optimal  MeritFunction     nS Penalty
   190      1  4.0E-01    252 (4.9E-07) 9.2E-04  1.9981511E+03     20
   191      2  1.0E+00    253  1.6E-05  2.8E-03  1.9961186E+03     19
   192      2  1.0E+00    254 (9.0E-06) 6.5E-03  1.9946648E+03     18
   193      2  1.0E+00    255 (4.6E-06) 1.8E-02  1.9915752E+03     19
   194      1  3.7E-01    256 (5.0E-06) 7.5E-03  1.9881361E+03     19
   195      1  1.0E+00    257 (3.5E-06) 8.8E-04  1.9854627E+03     19
   196      1  1.0E+00    258 (1.6E-06) 3.2E-04  1.9851693E+03     19 6.0E+03
   196      1             258 (1.6E-06) 3.0E-04  1.9851611E+03     19           R
   196      2             258 (1.6E-06) 5.4E-04  1.9851611E+03     18           r

 SNOPTC EXIT  40 -- terminated after numerical difficulties
 SNOPTC INFO  41 -- current point cannot be improved

 Problem name                 Optimiza
 No. of iterations                 648   Objective            1.9825780675E+03
 No. of major iterations           196   Linear    obj. term  0.0000000000E+00
 Penalty parameter           0.000E+00   Nonlinear obj. term  1.9825780675E+03
 User function calls (total)       792   Calls with modes 1,2 (known g)    258
 No. of superbasics                 18   No. of basic nonlinears             3
 No. of degenerate steps             0   Percentage                       0.00
 Max x                      26 1.0E+03   Max pi                      2 1.8E+03
 Max Primal infeas          31 1.6E-03   Max Dual infeas            33 2.7E+02
 Nonlinear constraint violn    1.6E-03



 Solution printed on file  18

 Time for MPS input                             0.00 seconds
 Time for solving problem                    3649.26 seconds
 Time for solution output                       0.00 seconds
 Time for constraint functions               3649.23 seconds
 Time for objective function                    0.00 seconds
9.5E-03  1.9E-03  3.2978981E+03     18 9.1E+04   r
   209      1  1.4E-04    418  9.5E-03  1.9E-03  3.0285659E+03     18           r

 Major Minors     Step   nCon Feasible  Optimal  MeritFunction     nS Penalty
   210      1  1.4E-04    420  9.5E-03  1.9E-03  3.2979491E+03     18 9.1E+04   r
   211      1  1.4E-04    422  9.5E-03  1.9E-03  3.2979775E+03     18 9.1E+04   r
   212      1  1.4E-04    424  9.5E-03  1.9E-03  3.2980061E+03     18 9.1E+04   r
   213      1  1.4E-04    426  9.5E-03  1.9E-03  3.0286813E+03     18           r
   214      1  1.4E-04    428  9.5E-03  1.9E-03  3.2980572E+03     18 9.1E+04   r
   215      1  1.4E-04    430  9.5E-03  1.9E-03  3.2980857E+03     18 9.1E+04   r
   216      1  1.4E-04    432  9.5E-03  1.9E-03  3.2981143E+03     18 9.1E+04   r
   217      1  1.4E-04    434  9.5E-03  1.9E-03  3.0287973E+03     18           r
   218      1  1.4E-04    436  9.5E-03  1.9E-03  3.2981656E+03     18 9.1E+04   r
   219      1  1.4E-04    438  9.5E-03  1.9E-03  3.2981943E+03     18 9.1E+04   r

 Major Minors     Step   nCon Feasible  Optimal  MeritFunction     nS Penalty
   220      1  1.4E-04    440  9.5E-03  1.9E-03  3.2982230E+03     18 9.1E+04   r
   221      1  1.4E-04    442  9.5E-03  1.9E-03  3.0289137E+03     18           r
   222      1  1.4E-04    444  9.5E-03  1.9E-03  3.2982745E+03     18 9.1E+04   r
   223      1  1.4E-04    446  9.5E-03  1.9E-03  3.2983032E+03     18 9.1E+04   r
   224      1  1.4E-04    448  9.5E-03  1.9E-03  3.2983320E+03     18 9.1E+04   r
   225      1  1.4E-04    450  9.5E-03  1.9E-03  3.0290307E+03     18           r
   226      1  1.4E-04    452  9.5E-03  1.9E-03  3.2983837E+03     18 9.1E+04   r
   227      1  1.4E-04    454  9.5E-03  1.9E-03  3.2984125E+03     18 9.1E+04   r
   228      1  1.4E-04    456  9.5E-03  1.9E-03  3.2984414E+03     18 9.1E+04   r
   229      1  1.4E-04    458  9.5E-03  1.9E-03  3.0291480E+03     18           r

 Major Minors     Step   nCon Feasible  Optimal  MeritFunction     nS Penalty
   230      1  1.4E-04    460  9.5E-03  1.9E-03  3.2984933E+03     18 9.2E+04   r
   231      1  1.4E-04    462  9.5E-03  1.9E-03  3.2985223E+03     18 9.2E+04   r
   232      1  1.4E-04    464  9.5E-03  1.9E-03  3.2985512E+03     18 9.2E+04   r
   233      1  1.4E-04    466  9.5E-03  1.9E-03  3.0292658E+03     18           r
   234      1  1.4E-04    468  9.5E-03  1.9E-03  3.2986034E+03     18 9.2E+04   r
   235      1  1.4E-04    470  9.5E-03  1.9E-03  3.2986324E+03     18 9.2E+04   r
   236      1  1.4E-04    472  9.5E-03  1.9E-03  3.2986615E+03     18 9.2E+04   r
   237      1  1.4E-04    474  9.5E-03  1.9E-03  3.0293840E+03     18           r
   238      1  1.4E-04    476  9.5E-03  1.9E-03  3.2987138E+03     18 9.2E+04   r
   239      1  1.4E-04    478  9.5E-03  1.9E-03  3.2987429E+03     18 9.2E+04   r

 Major Minors     Step   nCon Feasible  Optimal  MeritFunction     nS Penalty
   240      1  1.4E-04    480  9.5E-03  1.9E-03  3.2987721E+03     18 9.2E+04   r
   241      1  1.4E-04    482  9.5E-03  1.9E-03  3.0295026E+03     18           r
   242      1  1.4E-04    484  9.5E-03  1.9E-03  3.2988247E+03     18 9.2E+04   r
   243      1  1.4E-04    486  9.5E-03  1.9E-03  3.2988539E+03     18 9.2E+04   r
   244      1  1.4E-04    488  9.5E-03  1.9E-03  3.2988832E+03     18 9.2E+04   r
   245      1  1.4E-04    490  9.5E-03  1.9E-03  3.0296216E+03     18           r
   246      1  1.4E-04    492  9.5E-03  1.9E-03  3.2989359E+03     18 9.2E+04   r
   247      1  1.4E-04    494  9.5E-03  1.9E-03  3.2989652E+03     18 9.2E+04   r
   248      1  1.4E-04    496  9.5E-03  1.9E-03  3.2989946E+03     18 9.2E+04   r
   249      1  1.4E-04    498  9.5E-03  1.9E-03  3.0297410E+03     18           r

 Major Minors     Step   nCon Feasible  Optimal  MeritFunction     nS Penalty
   250      1  1.4E-04    500  9.5E-03  1.9E-03  3.2990476E+03     18 9.2E+04   r
   251      1  1.4E-04    502  9.5E-03  1.9E-03  3.2990770E+03     18 9.2E+04   r
   252      1  1.4E-04    504  9.5E-03  1.9E-03  3.2991064E+03     18 9.2E+04   r
   253      1  1.4E-04    506  9.5E-03  1.9E-03  3.0298607E+03     18           r
   254      1  1.4E-04    508  9.5E-03  1.9E-03  3.2991596E+03     18 9.2E+04   r
   255      1  1.4E-04    510  9.5E-03  1.9E-03  3.2991891E+03     18 9.2E+04   r
   256      1  1.4E-04    512  9.5E-03  1.9E-03  3.2992187E+03     18 9.2E+04   r
   257      1  1.4E-04    514  9.5E-03  1.9E-03  3.0299807E+03     18           r
   258      1  1.4E-04    516  9.5E-03  1.9E-03  3.2992721E+03     18 9.2E+04   r
   259      1  1.4E-04    518  9.5E-03  1.9E-03  3.2993017E+03     18 9.2E+04   r

 Major Minors     Step   nCon Feasible  Optimal  MeritFunction     nS Penalty
   260      1  1.4E-04    520  9.5E-03  1.9E-03  3.2993313E+03     18 9.2E+04   r
   261      1  1.4E-04    522  9.5E-03  1.9E-03  3.0301011E+03     18           r
   262      1  1.4E-04    524  9.5E-03  1.9E-03  3.2993849E+03     18 9.2E+04   r
   263      1  1.4E-04    526  9.5E-03  1.9E-03  3.2994145E+03     18 9.2E+04   r
   264      1  1.4E-04    528  9.5E-03  1.9E-03  3.2994443E+03     18 9.2E+04   r
   265      1  1.4E-04    530  9.5E-03  1.9E-03  3.0302217E+03     18           r
   266      1  1.4E-04    532  9.5E-03  1.9E-03  3.2994980E+03     18 9.2E+04   r
   267      1  1.4E-04    534  9.5E-03  1.9E-03  3.2995278E+03     18 9.2E+04   r
   268      1  1.4E-04    536  9.5E-03  1.9E-03  3.2995576E+03     18 9.2E+04   r
   269      1  1.4E-04    538  9.5E-03  1.9E-03  3.0303427E+03     18           r

 Major Minors     Step   nCon Feasible  Optimal  MeritFunction     nS Penalty
   270      1  1.4E-04    540  9.5E-03  1.9E-03  3.2996116E+03     18 9.3E+04   r
   271      1  1.4E-04    542  9.5E-03  1.9E-03  3.2996414E+03     18 9.3E+04   r
   272      1  1.4E-04    544  9.5E-03  1.9E-03  3.2996713E+03     18 9.3E+04   r
   273      1  1.4E-04    546  9.5E-03  1.9E-03  3.0304639E+03     18           r
   274      1  1.4E-04    548  9.5E-03  1.9E-03  3.2997255E+03     18 9.3E+04   r
   275      1  1.4E-04    550  9.5E-03  1.9E-03  3.2997554E+03     18 9.3E+04   r
   276      1  1.4E-04    552  9.5E-03  1.9E-03  3.2997853E+03     18 9.3E+04   r
   277      1  1.4E-04    554  9.5E-03  1.9E-03  3.0305855E+03     18           r
   278      1  1.4E-04    556  9.5E-03  1.9E-03  3.2998397E+03     18 9.3E+04   r
   279      1  1.4E-04    558  9.5E-03  1.9E-03  3.2998697E+03     18 9.3E+04   r

 Major Minors     Step   nCon Feasible  Optimal  MeritFunction     nS Penalty
   280      1  1.4E-04    560  9.5E-03  1.9E-03  3.2998997E+03     18 9.3E+04   r
   281      1  1.4E-04    562  9.4E-03  1.8E-03  3.0307073E+03     18           r
   282      1  1.4E-04    564  9.4E-03  1.8E-03  3.2999542E+03     18 9.3E+04   r
   283      1  1.4E-04    566  9.4E-03  1.8E-03  3.2999843E+03     18 9.3E+04   r
   284      1  1.4E-04    568  9.4E-03  1.8E-03  3.3000144E+03     18 9.3E+04   r
   285      1  1.4E-04    570  9.4E-03  1.8E-03  3.0308293E+03     18           r
   286      1  1.4E-04    572  9.4E-03  1.8E-03  3.3000691E+03     18 9.3E+04   r
   287      1  1.4E-04    574  9.4E-03  1.8E-03  3.3000992E+03     18 9.3E+04   r
   288      1  1.4E-04    576  9.4E-03  1.8E-03  3.3001294E+03     18 9.3E+04   r
   289      1  1.4E-04    578  9.4E-03  1.8E-03  3.0309516E+03     18           r

 Major Minors     Step   nCon Feasible  Optimal  MeritFunction     nS Penalty
   290      1  1.4E-04    580  9.4E-03  1.8E-03  3.3001843E+03     18 9.3E+04   r
   291      1  1.4E-04    582  9.4E-03  1.8E-03  3.3002145E+03     18 9.3E+04   r
   292      1  1.4E-04    584  9.4E-03  1.8E-03  3.3002447E+03     18 9.3E+04   r
   293      1  1.4E-04    586  9.4E-03  1.8E-03  3.0310742E+03     18           r
   294      1  1.4E-04    588  9.4E-03  1.8E-03  3.3002998E+03     18 9.3E+04   r
   295      1  1.4E-04    590  9.4E-03  1.8E-03  3.3003301E+03     18 9.3E+04   r
   296      1  1.4E-04    592  9.4E-03  1.8E-03  3.3003604E+03     18 9.3E+04   r
   297      1  1.4E-04    594  9.4E-03  1.8E-03  3.0311969E+03     18           r
   298      1  1.4E-04    596  9.4E-03  1.8E-03  3.3004156E+03     18 9.3E+04   r
   299      1  1.4E-04    598  9.4E-03  1.8E-03  3.3004459E+03     18 9.3E+04   r

 Major Minors     Step   nCon Feasible  Optimal  MeritFunction     nS Penalty
   300      1  1.4E-04    600  9.4E-03  1.8E-03  3.3004763E+03     18 9.3E+04   r
   301      1  1.4E-04    602  9.4E-03  1.8E-03  3.0313200E+03     18           r
   302      1  1.4E-04    604  9.4E-03  1.8E-03  3.3005316E+03     18 9.3E+04   r
   303      1  1.4E-04    606  9.4E-03  1.8E-03  3.3005621E+03     18 9.3E+04   r
   304      1  1.4E-04    608  9.4E-03  1.8E-03  3.3005925E+03     18 9.3E+04   r
   305      1  1.4E-04    610  9.4E-03  1.8E-03  3.0314432E+03     18           r
   306      1  1.4E-04    612  9.4E-03  1.8E-03  3.3006480E+03     18 9.3E+04   r
   307      1  1.4E-04    614  9.4E-03  1.8E-03  3.3006785E+03     18 9.3E+04   r
   308      1  1.4E-04    616  9.4E-03  1.8E-03  3.3007090E+03     18 9.3E+04   r
   309      1  1.4E-04    618  9.4E-03  1.8E-03  3.0315666E+03     18           r

 Major Minors     Step   nCon Feasible  Optimal  MeritFunction     nS Penalty
   310      1  1.4E-04    620  9.4E-03  1.8E-03  3.3007646E+03     18 9.4E+04   r
   311      1  1.4E-04    622  9.4E-03  1.8E-03  3.3007952E+03     18 9.4E+04   r
   312      1  1.4E-04    624  9.4E-03  1.8E-03  3.3008257E+03     18 9.4E+04   r
   313      1  1.4E-04    626  9.4E-03  1.8E-03  3.0316903E+03     18           r
   314      1  1.4E-04    628  9.4E-03  1.8E-03  3.3008816E+03     18 9.4E+04   r
   315      1  1.4E-04    630  9.4E-03  1.8E-03  3.3009121E+03     18 9.4E+04   r
   316      1  1.4E-04    632  9.4E-03  1.8E-03  3.3009428E+03     18 9.4E+04   r
   317      1  1.4E-04    634  9.4E-03  1.8E-03  3.0318142E+03     18           r
   318      1  1.4E-04    636  9.4E-03  1.8E-03  3.3009987E+03     18 9.4E+04   r
   319      1  1.4E-04    638  9.4E-03  1.8E-03  3.3010294E+03     18 9.4E+04   r

 Major Minors     Step   nCon Feasible  Optimal  MeritFunction     nS Penalty
   320      1  1.4E-04    640  9.4E-03  1.8E-03  3.3010600E+03     18 9.4E+04   r
   321      1  1.4E-04    642  9.4E-03  1.8E-03  3.0319382E+03     18           r
   322      1  1.4E-04    644  9.4E-03  1.8E-03  3.3011161E+03     18 9.4E+04   r
   323      1  1.4E-04    646  9.4E-03  1.8E-03  3.3011468E+03     18 9.4E+04   r
   324      1  1.4E-04    648  9.4E-03  1.8E-03  3.3011776E+03     18 9.4E+04   r
   325      1  1.4E-04    650  9.4E-03  1.8E-03  3.0320625E+03     18           r
   326      1  1.4E-04    652  9.4E-03  1.8E-03  3.3012338E+03     18 9.4E+04   r
   327      1  1.4E-04    654  9.4E-03  1.8E-03  3.3012646E+03     18 9.4E+04   r
   328      1  1.4E-04    656  9.4E-03  1.8E-03  3.3012954E+03     18 9.4E+04   r
   329      1  1.4E-04    658  9.4E-03  1.8E-03  3.0321869E+03     18           r

 Major Minors     Step   nCon Feasible  Optimal  MeritFunction     nS Penalty
   330      1  1.4E-04    660  9.4E-03  1.8E-03  3.3013517E+03     18 9.4E+04   r
   331      1  1.4E-04    662  9.4E-03  1.8E-03  3.3013825E+03     18 9.4E+04   r
   332      1  1.4E-04    664  9.4E-03  1.8E-03  3.3014134E+03     18 9.4E+04   r
   333      1  1.4E-04    666  9.4E-03  1.8E-03  3.0323115E+03     18           r
   334      1  1.4E-04    668  9.4E-03  1.8E-03  3.3014699E+03     18 9.4E+04   r
   335      1  1.4E-04    670  9.4E-03  1.8E-03  3.3015007E+03     18 9.4E+04   r
   336      1  1.4E-04    672  9.4E-03  1.8E-03  3.3015316E+03     18 9.4E+04   r
   337      1  1.4E-04    674  9.4E-03  1.8E-03  3.0324363E+03     18           r
   338      1  1.4E-04    676  9.4E-03  1.8E-03  3.3013034E+03     18 9.4E+04   r
   339      1  1.4E-04    678  9.4E-03  1.8E-03  3.3013331E+03     18 9.4E+04   r

 Major Minors     Step   nCon Feasible  Optimal  MeritFunction     nS Penalty
   340      1  1.4E-04    680  9.4E-03  1.8E-03  3.3014985E+03     18 9.4E+04   r
   341      1  1.4E-04    682  9.4E-03  1.8E-03  3.0325570E+03     18           r
   342      1  1.1E-04    684  9.4E-03  1.8E-03  3.3004920E+03     18 9.4E+04   r
   343      1  1.1E-04    686  9.4E-03  1.8E-03  3.3005175E+03     18 9.4E+04   r
   344      1  1.4E-04    688  9.4E-03  1.8E-03  3.3017511E+03     18 9.4E+04   r
   345      1  1.4E-04    690  9.4E-03  1.8E-03  3.0326699E+03     18           r
   346      1  7.4E-05    692  9.4E-03  1.8E-03  3.2989863E+03     18 9.3E+04   r
   347      1  7.4E-05    694  9.4E-03  1.8E-03  3.2990041E+03     18 9.3E+04   r
   348      1  1.4E-04    696  9.4E-03  1.8E-03  3.3018420E+03     18 9.4E+04   r
   349      1  1.4E-04    698  9.4E-03  1.8E-03  3.0327649E+03     18           r

 Major Minors     Step   nCon Feasible  Optimal  MeritFunction     nS Penalty
   350      1  4.7E-05    700  9.4E-03  1.8E-03  3.2979895E+03     18 9.3E+04   r
   351      1  4.7E-05    702  9.4E-03  1.8E-03  3.2980022E+03     18 9.3E+04   r
   352      1  1.4E-04    704  9.4E-03  1.8E-03  3.3019218E+03     18 9.5E+04   r
   353      1  1.4E-04    706  9.4E-03  1.8E-03  3.0328482E+03     18           r
   354      1  2.5E-05    708  9.4E-03  1.8E-03  3.2970370E+03     18 9.3E+04   r
   355      1  2.5E-05    710  9.4E-03  1.8E-03  3.2970450E+03     18 9.3E+04   r
   356      1  1.4E-04    712  9.4E-03  1.8E-03  3.3019922E+03     18 9.5E+04   r
   357      1  1.4E-04    714  9.4E-03  1.8E-03  3.0329219E+03     18           r
   358      1  1.4E-05    716  9.4E-03  1.8E-03  3.2960615E+03     18 9.3E+04   r
   359      1  1.4E-05    718  9.4E-03  1.8E-03  3.2960677E+03     18 9.3E+04   r

 Major Minors     Step   nCon Feasible  Optimal  MeritFunction     nS Penalty
   360      1  1.4E-04    720  9.4E-03  1.8E-03  3.3020583E+03     18 9.5E+04   r
   361      2  1.4E-04    722  9.4E-03  1.9E-03  3.0329911E+03     17           r
   362      1  1.4E-05    724  9.4E-03  1.9E-03  3.2949296E+03     17 9.2E+04   r
   363      2  1.4E-05    726  9.4E-03  1.8E-03  3.2949385E+03     18 9.2E+04   r
   364      1  1.4E-04    728  9.4E-03  1.8E-03  3.3021247E+03     18 9.5E+04   r
   365      3  1.4E-04    730  9.4E-03  1.9E-03  3.0330604E+03     16           r
   366      1  1.7E-05    732  9.4E-03  1.9E-03  3.2934893E+03     16 9.2E+04   r
   367      3  1.7E-05    734  9.4E-03  1.8E-03  3.2935062E+03     18 9.2E+04   r
   368      1  1.4E-04    736  9.4E-03  1.7E-03  3.3021930E+03     18 9.5E+04   r
   369      5  1.4E-04    738  9.3E-03  1.9E-03  3.0331309E+03     14           r

 Major Minors     Step   nCon Feasible  Optimal  MeritFunction     nS Penalty
   370      1  7.4E-06    740  9.3E-03  1.9E-03  3.2914664E+03     14 9.1E+04   r
   371      5  7.5E-06    742  9.3E-03  1.7E-03  3.2914756E+03     18 9.1E+04   r
   372      1  1.4E-04    744  9.3E-03  1.7E-03  3.3022566E+03     18 9.5E+04   r
   373      9  1.4E-04    746  9.3E-03  1.9E-03  3.0331972E+03     10           r
   374      1  2.5E-06    748  9.3E-03  1.9E-03  3.2865173E+03     10 8.9E+04   r
   375      9  2.5E-06    749  9.3E-03  1.7E-03  3.2865241E+03     18 8.9E+04   r
   376      1  1.4E-04    751  9.3E-03  1.7E-03  3.3023180E+03     18 9.5E+04   r
   377      8  1.4E-04    752  9.3E-03  1.9E-03  3.3023493E+03     11 9.5E+04 s
   378      1  6.3E-05    754  9.3E-03  1.9E-03  3.3023465E+03     11 9.5E+04
   379     25  6.9E-05    756  9.3E-03  1.3E-02  3.3023434E+03     27 9.5E+04   R

 Major Minors     Step   nCon Feasible  Optimal  MeritFunction     nS Penalty
   380      2  3.2E-01    757  6.2E-03  1.7E-02  3.3319697E+03     26 1.1E+05 s
   381      3  1.0E+00    758  2.3E-03  2.1E-02  3.2245127E+03     24 1.2E+05
   382      4  2.6E-01    759  1.4E-03  8.6E-03  3.2049971E+03     25 3.9E+02
   383      1  1.0E+00    760  1.3E-03  1.4E-02  3.1529942E+03     25 3.3E+01
   384      4  1.0E+00    761  4.2E-03  4.7E-02  3.1339925E+03     26 9.5E+00
   385      3  3.7E-01    762  4.2E-03  3.1E-02  3.1213132E+03     26 9.5E+00
   386      2  4.4E-01    763  3.4E-03  2.3E-03  3.1072041E+03     27 9.5E+00
   387      3  1.0E+00    764  2.6E-05  1.4E-02  3.0978094E+03     25 9.5E+00
   388      3  1.0E+00    765  6.5E-04  2.7E-02  3.0852322E+03     25 9.5E+00
   389      2  1.0E+00    766  1.0E-04  2.7E-02  3.0608276E+03     24 9.5E+00

 Major Minors     Step   nCon Feasible  Optimal  MeritFunction     nS Penalty
   390      3  9.4E-01    767  2.3E-04  8.6E-03  2.8517386E+03     24 9.5E+00    l
   391     18  1.0E+00    769  4.9E-03  3.1E-02  2.5725529E+03     24 9.5E+00  m
   392      2  1.0E+00    770  2.5E-04  2.3E-02  2.4876829E+03     23 1.4E+02
   393      3  1.0E+00    771  2.2E-04  5.1E-02  2.2791659E+03     21 2.6E+01
   394      5  1.0E+00    772  1.4E-04  1.2E-01  2.1359979E+03     23 2.6E+01
   395      3  1.0E+00    773  1.1E-04  3.2E-02  2.0519152E+03     23 2.6E+01
   396      6  1.0E+00    774  7.9E-05  2.9E-02  1.9162099E+03     24 2.6E+01
   397      1  1.0E+00    775 (9.7E-06) 2.8E-02  1.8717139E+03     24 2.6E+01
   398      3  1.0E+00    776  1.2E-05  2.9E-02  1.8258322E+03     22 2.6E+01
   399      3  1.0E+00    778  4.0E-04  4.7E-02  1.7632901E+03     23 2.6E+01

 Major Minors     Step   nCon Feasible  Optimal  MeritFunction     nS Penalty
   400      1  1.0E+00    779  5.0E-05  4.3E-02  1.6925787E+03     23 2.6E+01
   401      2  1.0E+00    780  3.2E-05  2.2E-02  1.6455806E+03     22 2.6E+01
   402      2  1.0E+00    781 (1.7E-06) 1.9E-02  1.6429298E+03     23 1.1E+03
   402      3             781 (1.7E-06) 1.8E-02  1.6429296E+03     25           R
   403      3  1.0E+00    782 (7.2E-07) 2.4E-02  1.6419804E+03     23         s
   404      2  3.5E-01    783  4.3E-05  1.6E-02  1.6378229E+03     24
   405      1  6.3E-02    784  4.1E-05  1.6E-02  1.6374765E+03     24
   406      2  1.2E-01    785  4.0E-05  1.4E-02  1.6356556E+03     23
   407      2  9.3E-02    786  3.7E-05  1.4E-02  1.6353604E+03     24
   408      1  3.8E-02    787  3.6E-05  1.3E-02  1.6353278E+03     24
   409      1  1.5E-02    788  3.6E-05  1.4E-02  1.6353188E+03     24

 Major Minors     Step   nCon Feasible  Optimal  MeritFunction     nS Penalty
   410      1  1.0E+00    789  4.7E-05  9.6E-03  1.6328507E+03     24
   411      3  3.2E-01    790  4.4E-05  1.1E-02  1.6278145E+03     22
   412      3  3.2E-01    791  3.7E-05  7.5E-03  1.6219903E+03     24
   413      1  1.0E+00    792  1.2E-05  8.0E-03  1.6152707E+03     24
   414      3  1.0E+00    793 (8.9E-06) 6.9E-03  1.6065154E+03     22
   415      2  1.0E+00    794  3.1E-05  1.1E-02  1.5784499E+03     21
   416      3  1.6E-01    795  1.4E-05  2.1E-02  1.5735840E+03     23
   416      1             795  1.4E-05  1.2E-02  1.5735840E+03     23           R
   416     20             795  1.4E-05  1.2E-02  1.5735840E+03      4           r
   417     29  9.4E-04    796  1.3E-05  2.3E-02  1.5735533E+03     22         s  D
   418      3  8.2E-03    797  1.2E-05  2.0E-02  1.5732253E+03     20
   419      5  6.8E-03    798  1.2E-05  2.3E-02  1.5729364E+03     22

 Major Minors     Step   nCon Feasible  Optimal  MeritFunction     nS Penalty
   420      1  6.6E-03    799  1.2E-05  2.2E-02  1.5728766E+03     22
   421      3  1.6E-01    800  1.1E-05  1.4E-02  1.5727873E+03     20
   422      3  2.8E-01    801  1.7E-05  9.8E-03  1.5653120E+03     22
   422      3             801  1.7E-05  8.4E-03  1.5653120E+03     22           R
   423      2  1.0E+00    802  3.5E-05  8.9E-03  1.5647187E+03     23         s
   424      1  1.0E+00    803 (7.9E-07) 9.1E-03  1.5613275E+03     23
   425      1  3.7E-01    804 (2.1E-06) 2.9E-03  1.5613227E+03     23
   425      1             804 (2.1E-06) 3.4E-03  1.5613227E+03     23           R
   425      5             804 (2.1E-06) 3.4E-03  1.5613227E+03     19           r

 SNOPTC EXIT  60 -- undefined user-supplied functions
 SNOPTC INFO  63 -- unable to proceed into undefined region

 Problem name                 Optimiza
 No. of iterations                 746   Objective            1.5594653991E+03
 No. of major iterations           425   Linear    obj. term  0.0000000000E+00
 Penalty parameter           0.000E+00   Nonlinear obj. term  1.5594653991E+03
 User function calls (total)      1766   Calls with modes 1,2 (known g)    804
 No. of superbasics                 19   No. of basic nonlinears             3
 No. of degenerate steps             0   Percentage                       0.00
 Max x                      28 7.0E+02   Max pi                      1 1.4E+03
 Max Primal infeas          30 1.4E-03   Max Dual infeas            33 1.6E+02
 Nonlinear constraint violn    1.4E-03



 Solution printed on file  18

 Time for MPS input                             0.00 seconds
 Time for solving problem                   11598.76 seconds
 Time for solution output                       0.00 seconds
 Time for constraint functions              11598.71 seconds
 Time for objective function                    0.00 seconds
