
 ==============================
 S N O P T  7.7.7    (Feb 2021)
 ==============================

 SNMEMB EXIT 100 -- finished successfully
 SNMEMB INFO 104 -- memory requirements estimated

 ==============================
 S N O P T  7.7.7    (Feb 2021)
 ==============================



 Nonlinear constraints       4     Linear constraints       0
 Nonlinear variables        27     Linear variables         0
 Jacobian  variables        27     Objective variables     27
 Total constraints           4     Total variables         27



 The user has defined     108   out of     108   constraint gradients.
 The user has defined      27   out of      27   objective  gradients.


 Major Minors     Step   nCon Feasible  Optimal  MeritFunction     nS Penalty
     0     27               1  4.1E+00  2.4E-01  1.5341194E+02     25           r
     1      2  1.0E+00      2  7.8E-01  1.3E-01  1.8565569E+02     24 1.4E+00   r
     2      3  1.0E+00      3  1.2E+00  2.5E-01  1.3854367E+02     24 1.4E+00 s
     3      2  1.0E+00      4  1.0E+00  5.3E-02  1.1242468E+02     23 1.4E+00
     4      3  1.0E+00      5  1.7E-01  7.0E-02  1.0567446E+02     23 1.4E+00
     5      3  1.0E+00      7  3.2E+00  3.4E+00  1.0452094E+02     23 1.4E+00  m
     6      2  3.0E-01      8  2.4E+00  5.6E-01  1.2417929E+02     24 1.9E+00
     7      2  2.1E-02      9  2.0E+00  1.6E+00  1.1971498E+02     23 1.9E+00
     8      1  8.2E-03     11  1.8E+00  1.5E+00  1.1735737E+02     23 1.9E+00  M
     9      1  6.5E-03     13  1.6E+00  1.3E+00  1.1556546E+02     23 1.9E+00  M

 Major Minors     Step   nCon Feasible  Optimal  MeritFunction     nS Penalty
    10      1  4.5E-03     15  1.4E+00  1.1E+00  1.1445000E+02     23 1.9E+00  M
    11      1  4.9E-03     17  1.3E+00  7.3E-01  1.1335559E+02     23 1.9E+00  M
    12      1  6.4E-03     19  1.1E+00  2.7E-01  1.1215435E+02     23 1.9E+00  M
    13      1  4.2E-03     21  9.6E-01  1.3E-01  1.1144406E+02     23 1.9E+00  M
    14      2  4.2E-03     23  8.3E-01  6.1E-01  1.1081024E+02     24 1.9E+00  M
    15      1  3.1E-03     25  7.2E-01  7.2E-01  1.1034863E+02     24 1.9E+00  M
    16      1  3.2E-03     27  7.1E-01  7.5E-01  1.1000247E+02     24 1.9E+00  M
    17      1  6.6E-03     29  7.0E-01  8.1E-01  1.0950177E+02     24 1.9E+00  M
    18      1  1.1E-03     31  7.0E-01  7.6E-01  1.0942280E+02     24 1.9E+00  M
    19      1  7.0E-03     33  7.0E-01  6.8E-01  1.0907068E+02     24 1.9E+00  M

 Major Minors     Step   nCon Feasible  Optimal  MeritFunction     nS Penalty
    20      3  2.4E-02     34  6.8E-01  4.5E-01  1.0853698E+02     24 1.9E+00
    21      3  4.6E-01     35  7.7E-01  2.7E-01  1.0500939E+02     24 1.9E+00
    22      4  1.4E-02     36  7.6E-01  6.5E-01  1.0472204E+02     23 1.9E+00
    23      3  1.0E+00     37  9.4E-01  2.6E-01  1.0147793E+02     23 1.9E+00
    24      2  3.2E-02     38  7.6E-01  1.7E+00  1.0066915E+02     22 1.9E+00
    25      2  3.9E-01     39  5.1E-01  1.1E+00  9.9348084E+01     23 1.9E+00
    26      1  1.1E-01     40  4.6E-01  6.3E-01  9.9127019E+01     23 1.9E+00
    27      3  9.8E-02     41  4.2E-01  7.5E+00  9.8965278E+01     23 1.9E+00
    28      1  7.0E-03     42  4.2E-01  7.4E-01  9.9528592E+01     23 3.3E+00
    29      1  1.0E+00     43  1.9E-01  4.3E+00  9.8971973E+01     23 3.3E+00

 Major Minors     Step   nCon Feasible  Optimal  MeritFunction     nS Penalty
    30      1  1.0E+00     44  3.4E-02  5.3E+00  9.9044647E+01     23 5.4E+00
    31      1  1.0E+00     45  2.1E-02  4.4E+00  9.8831245E+01     23 3.9E+00
    32      1  2.3E-01     46  2.5E-02  4.3E+00  9.8725811E+01     23 3.9E+00
    33      1  5.0E-01     47  3.3E-02  1.4E+00  9.8621714E+01     23 3.9E+00
    34      1  1.0E+00     48  2.9E-02  5.6E-01  9.8518636E+01     23 3.9E+00
    35      1  1.0E+00     49  5.1E-02  2.1E+00  9.8324295E+01     23 3.9E+00
    36      1  1.0E+00     50  5.8E-02  1.8E+00  9.8161095E+01     23 3.9E+00
    37      1  1.0E+00     51  3.9E-02  4.1E+00  9.8058649E+01     23 3.9E+00
    38      1  1.0E+00     52  2.2E-02  3.5E+00  9.7989929E+01     23 3.9E+00
    39      1  1.0E+00     53  8.0E-03  1.4E+00  9.7955926E+01     23 3.9E+00

 Major Minors     Step   nCon Feasible  Optimal  MeritFunction     nS Penalty
    40      1  1.0E+00     54  6.4E-03  2.3E-01  9.7920150E+01     23 3.9E+00
    41      1  1.0E+00     55  1.1E-02  5.6E-01  9.7883762E+01     23 3.9E+00
    42      1  1.0E+00     56  8.2E-03  6.5E-01  9.7864657E+01     23 3.9E+00
    43      1  1.0E+00     57  4.4E-03  4.1E-01  9.7846789E+01     23 3.9E+00
    44      1  1.0E+00     58  3.3E-02  3.0E-01  9.7817392E+01     23 3.9E+00
    45      1  1.0E+00     59  4.4E-03  3.3E-01  9.7797497E+01     23 3.9E+00
    46      2  1.0E+00     60  7.0E-03  6.9E-02  9.7778024E+01     22 3.9E+00
    47      1  1.0E+00     61  7.6E-02  5.6E-01  9.7741802E+01     22 3.9E+00
    48      1  1.0E+00     62  7.1E-03  1.1E+00  9.7706527E+01     22 3.9E+00
    49      1  1.0E+00     63  3.4E-03  3.8E-01  9.7694481E+01     22 3.9E+00

 Major Minors     Step   nCon Feasible  Optimal  MeritFunction     nS Penalty
    50      1  1.0E+00     64  3.1E-03  6.8E-03  9.7677982E+01     22 3.9E+00
    51      1  1.0E+00     65  6.5E-03  4.3E-01  9.7655025E+01     22 3.9E+00
    52      1  1.0E+00     66  4.1E-03  3.7E-01  9.7640222E+01     22 3.9E+00
    53      2  1.0E+00     67  2.6E-03  3.4E-01  9.7626753E+01     21 3.9E+00
    54      1  1.0E+00     68  2.2E-03  3.1E-01  9.7611461E+01     21 3.9E+00
    55      1  1.0E+00     69  4.5E-03  1.3E-01  9.7600285E+01     21 3.9E+00
    56      2  1.0E+00     70  1.7E-03  3.6E-02  9.7595278E+01     22 3.9E+00
    57      2  1.0E+00     71  1.0E-03  3.3E-02  9.7591635E+01     21 3.9E+00
    58      2  1.0E+00     72  1.2E-03  4.9E-02  9.7586918E+01     22 3.9E+00
    59      2  1.0E+00     73  3.6E-03  6.1E-02  9.7580362E+01     21 3.9E+00

 Major Minors     Step   nCon Feasible  Optimal  MeritFunction     nS Penalty
    60      1  1.0E+00     74  6.3E-03  2.8E-01  9.7566672E+01     21 3.9E+00
    61      1  1.0E+00     75  2.2E-03  3.5E-01  9.7546682E+01     21 3.9E+00
    62      1  1.0E+00     76  2.6E-02  2.4E-01  9.7493600E+01     21 3.9E+00
    63      1  1.0E+00     77  1.3E-02  6.0E-01  9.7455713E+01     21 3.9E+00
    64      1  1.0E+00     78  6.1E-03  4.2E-01  9.7432972E+01     21 3.9E+00
    65      1  1.0E+00     79  5.8E-03  1.2E+00  9.7407012E+01     21 3.9E+00
    66      1  1.0E+00     80  6.6E-03  1.5E+00  9.7379040E+01     21 3.9E+00
    67      2  1.0E+00     81  5.4E-03  1.3E+00  9.7346093E+01     20 3.9E+00
    68      1  1.0E+00     82  1.1E-02  7.1E-01  9.7296057E+01     20 3.9E+00
    69      2  1.0E+00     83  7.5E-03  3.8E-01  9.7258766E+01     21 3.9E+00

 Major Minors     Step   nCon Feasible  Optimal  MeritFunction     nS Penalty
    70      1  1.0E+00     84  5.5E-03  2.0E-01  9.7240834E+01     21 3.9E+00
    71      1  1.0E+00     85  1.4E-03  3.2E-01  9.7228473E+01     21 3.9E+00
    72      1  1.0E+00     86  5.0E-03  2.7E-01  9.7207762E+01     21 3.9E+00
    73      1  1.0E+00     87  5.4E-03  2.9E-01  9.7195794E+01     21 3.9E+00
    74      2  1.0E+00     88  1.1E-03  3.0E-01  9.7188984E+01     20 3.9E+00
    75      1  1.0E+00     89  1.5E-03  2.2E-01  9.7183945E+01     20 3.9E+00
    76      1  1.0E+00     90  9.8E-05  1.5E-01  9.7182537E+01     20 3.9E+00
    77      1  1.0E+00     91  9.8E-04  1.8E-01  9.7179630E+01     20 3.9E+00
    78      1  1.0E+00     92  1.7E-04  2.5E-01  9.7178412E+01     20 3.9E+00
    79      1  1.0E+00     93  5.1E-04  2.4E-01  9.7176555E+01     20 3.9E+00

 Major Minors     Step   nCon Feasible  Optimal  MeritFunction     nS Penalty
    80      1  1.0E+00     94  2.3E-04  1.1E-01  9.7175477E+01     20 3.9E+00
    81      1  1.0E+00     95  2.1E-04  1.7E-02  9.7174708E+01     20 3.9E+00
    82      1  1.0E+00     96  7.2E-05  3.3E-02  9.7174432E+01     20 3.9E+00
    83      1  1.0E+00     97  2.8E-05  1.1E-02  9.7174300E+01     20 3.9E+00
    84      1  1.0E+00     98  2.1E-05  3.0E-02  9.7174189E+01     20 3.9E+00
    85      1  1.0E+00     99  2.3E-05  6.4E-02  9.7174073E+01     20 3.9E+00
    86      1  1.0E+00    100  2.4E-05  5.8E-02  9.7173961E+01     20 3.9E+00
    87      1  1.0E+00    101  1.9E-05  1.2E-02  9.7173878E+01     20 3.9E+00
    88      1  1.0E+00    102  1.1E-05  2.3E-02  9.7173830E+01     20 3.9E+00
    89      1  1.0E+00    103 (6.0E-06) 3.6E-02  9.7173802E+01     20 3.9E+00

 Major Minors     Step   nCon Feasible  Optimal  MeritFunction     nS Penalty
    90      1  1.0E+00    104 (4.9E-06) 3.1E-02  9.7173778E+01     20 3.9E+00
    91      1  1.0E+00    105 (4.2E-06) 1.3E-02  9.7173757E+01     20 3.9E+00
    92      1  1.0E+00    106 (3.6E-06) 1.3E-02  9.7173739E+01     20 3.9E+00
    93      1  1.0E+00    107 (3.3E-06) 3.5E-02  9.7173725E+01     20 3.9E+00
    94      1  1.0E+00    108 (2.7E-06) 3.6E-02  9.7173714E+01     20 3.9E+00
    95      1  1.0E+00    109 (1.4E-06) 2.1E-02  9.7173708E+01     20 3.9E+00
    96      1  1.0E+00    110 (7.0E-07) 3.2E-03  9.7173704E+01     20 3.9E+00
    97      1  1.0E+00    111 (7.4E-07) 9.6E-03  9.7173698E+01     20 3.9E+00
    98      1  1.0E+00    112 (1.5E-06) 2.3E-02  9.7173688E+01     20 3.9E+00
    99      1  1.0E+00    113 (3.2E-06) 3.6E-02  9.7173668E+01     20 3.9E+00

 Major Minors     Step   nCon Feasible  Optimal  MeritFunction     nS Penalty
   100      1  1.0E+00    114 (5.5E-06) 3.9E-02  9.7173637E+01     20 3.9E+00
   101      1  1.0E+00    115 (6.2E-06) 2.6E-02  9.7173605E+01     20 3.9E+00
   102      1  1.0E+00    116 (4.6E-06) 6.0E-03  9.7173581E+01     20 3.9E+00
   103      1  1.0E+00    117 (3.0E-06) 1.2E-02  9.7173563E+01     20 3.9E+00
   104      1  1.0E+00    118 (3.7E-06) 2.6E-02  9.7173539E+01     20 3.9E+00
   105      1  1.0E+00    119 (7.1E-06) 2.9E-02  9.7173495E+01     20 3.9E+00
   106      1  1.0E+00    120  1.3E-05  1.4E-02  9.7173418E+01     20 3.9E+00
   107      1  1.0E+00    121  2.2E-05  1.6E-02  9.7173301E+01     20 3.9E+00
   108      1  1.0E+00    122  3.0E-05  4.6E-02  9.7173157E+01     20 3.9E+00
   109      1  1.0E+00    123  3.1E-05  6.2E-02  9.7173016E+01     20 3.9E+00

 Major Minors     Step   nCon Feasible  Optimal  MeritFunction     nS Penalty
   110      1  1.0E+00    124  2.6E-05  5.4E-02  9.7172896E+01     20 3.9E+00
   111      1  1.0E+00    125  2.0E-05  3.1E-02  9.7172800E+01     20 3.9E+00
   112      1  1.0E+00    126  1.5E-05  4.6E-03  9.7172708E+01     20 3.9E+00
   113      1  1.0E+00    127  2.0E-05  3.3E-02  9.7172567E+01     20 3.9E+00
   114      1  1.0E+00    128  3.8E-05  7.2E-02  9.7172293E+01     20 3.9E+00
   115      1  1.0E+00    129  7.3E-05  9.8E-02  9.7171766E+01     20 3.9E+00
   116      1  1.0E+00    130  1.2E-04  8.9E-02  9.7170961E+01     20 3.9E+00
   117      1  1.0E+00    131  1.3E-04  4.5E-02  9.7170184E+01     20 3.9E+00
   118      1  1.0E+00    132  9.7E-05  1.1E-02  9.7169719E+01     20 3.9E+00
   119      1  1.0E+00    133  5.1E-05  1.6E-02  9.7169462E+01     20 3.9E+00

 Major Minors     Step   nCon Feasible  Optimal  MeritFunction     nS Penalty
   120      1  1.0E+00    134  3.2E-05  5.2E-02  9.7169197E+01     20 3.9E+00
   121      1  1.0E+00    135  8.0E-05  1.4E-01  9.7168557E+01     20 3.9E+00
   122      1  1.0E+00    136  1.5E-04  3.0E-01  9.7167191E+01     20 3.9E+00
   123      1  1.0E+00    137  2.3E-04  4.8E-01  9.7164694E+01     20 3.9E+00
   124      1  1.0E+00    138  2.4E-04  5.2E-01  9.7161881E+01     20 3.9E+00
   125      1  1.0E+00    139  2.1E-04  3.3E-01  9.7160442E+01     20 3.9E+00
   126      1  1.0E+00    140  7.5E-05  1.0E-01  9.7160066E+01     20 3.9E+00
   127      1  1.0E+00    141  1.7E-05  2.7E-02  9.7159928E+01     20 3.9E+00
   128      1  1.0E+00    142  1.7E-05  1.2E-01  9.7159751E+01     20 3.9E+00
   129      1  1.0E+00    143  4.1E-05  2.3E-01  9.7159440E+01     20 3.9E+00

 Major Minors     Step   nCon Feasible  Optimal  MeritFunction     nS Penalty
   130      1  1.0E+00    144  5.9E-05  2.5E-01  9.7159115E+01     20 3.9E+00
   131      1  1.0E+00    145  3.2E-05  1.5E-01  9.7158940E+01     20 3.9E+00
   132      1  1.0E+00    146  1.1E-05  4.2E-02  9.7158900E+01     20 3.9E+00
   133      1  1.0E+00    147 (9.4E-07) 9.7E-03  9.7158897E+01     20 3.9E+00
   134      1  1.0E+00    148 (5.1E-08) 2.3E-03  9.7158897E+01     20 3.9E+00
   135      1  1.0E+00    149 (7.3E-09) 6.1E-05  9.7158897E+01     20 3.9E+00
   136      1  1.0E+00    150 (3.8E-10) 3.5E-05  9.7158897E+01     20 3.9E+00
   137      1  1.0E+00    151 (9.0E-12) 4.3E-06  9.7158897E+01     20 3.9E+00
   138      1  1.0E+00    152 (7.7E-12) 1.7E-06  9.7158897E+01     20 3.9E+00
   139      1  1.0E+00    153 (2.0E-11) 1.7E-06  9.7158897E+01     20 3.9E+00

 Major Minors     Step   nCon Feasible  Optimal  MeritFunction     nS Penalty
   140      1  2.0E-01    154 (8.9E-12) 3.4E-06  9.7158897E+01     20 3.9E+00

 Major Minors     Step   nCon Feasible  Optimal  MeritFunction     nS Penalty
   140      1             154 (8.9E-12) 4.4E-07  9.7158897E+01     20           R
   141      1  2.3E-01    155 (7.1E-12) 8.1E-07  9.7158897E+01     20         s
   142      1  1.0E+00    156 (2.5E-11) 4.2E-07  9.7158897E+01     20

 SNOPTC EXIT   0 -- finished successfully
 SNOPTC INFO   3 -- requested accuracy could not be achieved

 Problem name                 Optimiza
 No. of iterations                 203   Objective            9.7158897244E+01
 No. of major iterations           142   Linear    obj. term  0.0000000000E+00
 Penalty parameter           0.000E+00   Nonlinear obj. term  9.7158897244E+01
 User function calls (total)       359   Calls with modes 1,2 (known g)    156
 No. of superbasics                 20   No. of basic nonlinears             4
 No. of degenerate steps             0   Percentage                       0.00
 Max x                      25 3.9E+00   Max pi                      3 5.9E+01
 Max Primal infeas          29 1.0E-10   Max Dual infeas            31 2.5E-01
 Nonlinear constraint violn    1.0E-10



 Solution printed on file  18

 Time for MPS input                             0.00 seconds
 Time for solving problem                    3883.66 seconds
 Time for solution output                       0.00 seconds
 Time for constraint functions               3883.65 seconds
 Time for objective function                    0.00 seconds
