
 ==============================
 S N O P T  7.7.7    (Feb 2021)
 ==============================

 SNMEMB EXIT 100 -- finished successfully
 SNMEMB INFO 104 -- memory requirements estimated

 ==============================
 S N O P T  7.7.7    (Feb 2021)
 ==============================



 Nonlinear constraints       4     Linear constraints       0
 Nonlinear variables        25     Linear variables         0
 Jacobian  variables        25     Objective variables     25
 Total constraints           4     Total variables         25



 The user has defined     100   out of     100   constraint gradients.
 The user has defined      25   out of      25   objective  gradients.


 Major Minors     Step   nCon Feasible  Optimal  MeritFunction     nS Penalty
     0     23               1  4.8E-02  6.3E-01  1.5975425E+06      4           r
     1     43  1.9E-01      2  3.3E-02  1.8E-01  5.9704807E+05      4           rl
     2     58  2.4E-01      3  7.5E-03  6.1E-03  5.8581698E+05     23         s  l
     3      1  1.0E+00      4  1.5E-02  6.5E-02  5.6233129E+05     23
     4      1  1.0E+00      5  1.2E-02  1.1E-02  5.5307910E+05     23
     5      1  1.0E+00      6  4.2E-03  2.1E-02  5.4531911E+05     23
     6      1  1.0E+00      7  3.6E-03  3.1E-02  5.4653054E+05     23 2.8E+06
     7      3  1.0E+00      8  1.0E-03  3.2E-02  5.4298473E+05     21 2.0E+05
     8      2  1.0E+00      9  2.9E-03  9.3E-03  5.4040693E+05     22 6.4E+02
     9      1  1.0E+00     10  2.0E-03  1.7E-02  5.3725875E+05     22 3.9E+01

 Major Minors     Step   nCon Feasible  Optimal  MeritFunction     nS Penalty
    10      3  1.0E+00     11  3.2E-03  7.7E-03  5.3570997E+05     22 1.1E+01
    11      1  1.0E+00     12  2.5E-04  2.0E-03  5.3432473E+05     22 7.6E+00
    12      2  1.0E+00     13  7.6E-05  2.4E-03  5.3402456E+05     21 7.6E+00
    13      2  1.0E+00     14  4.5E-04  1.6E-03  5.3350243E+05     20 7.6E+00
    14      1  1.0E+00     15  2.5E-05  7.3E-04  5.3342937E+05     20 7.6E+00
    15      2  1.0E+00     16  1.2E-04  7.2E-04  5.3332536E+05     21 7.6E+00
    16      2  1.0E+00     17  2.5E-05  3.1E-04  5.3330365E+05     20 7.6E+00
    17      1  1.0E+00     18  2.3E-05  3.2E-04  5.3328154E+05     20 7.6E+00
    18      1  1.0E+00     19  1.5E-05  2.6E-04  5.3326715E+05     20 7.6E+00
    19      1  1.0E+00     20 (4.4E-06) 2.3E-04  5.3325979E+05     20 7.6E+00

 Major Minors     Step   nCon Feasible  Optimal  MeritFunction     nS Penalty
    20      1  1.0E+00     21 (3.9E-06) 1.6E-04  5.3325394E+05     20 7.6E+00
    21      1  1.0E+00     22 (2.6E-06) 1.4E-04  5.3325041E+05     20 7.6E+00
    22      1  1.0E+00     23 (1.5E-06) 9.2E-05  5.3324851E+05     20 7.6E+00
    23      1  1.0E+00     24 (6.9E-07) 5.1E-05  5.3324755E+05     20 7.6E+00
    24      1  1.0E+00     25 (3.8E-07) 4.3E-05  5.3324696E+05     20 7.6E+00
    25      1  1.0E+00     26 (2.1E-07) 4.2E-05  5.3324658E+05     20 7.6E+00
    26      1  1.0E+00     27 (1.2E-07) 4.2E-05  5.3324635E+05     20 7.6E+00
    27      1  1.0E+00     28 (8.9E-08) 4.2E-05  5.3324620E+05     20 7.6E+00
    28      1  1.0E+00     29 (8.3E-08) 4.2E-05  5.3324606E+05     20 7.6E+00
    29      1  1.0E+00     30 (8.8E-08) 4.2E-05  5.3324591E+05     20 7.6E+00

 Major Minors     Step   nCon Feasible  Optimal  MeritFunction     nS Penalty
    30      1  1.0E+00     31 (9.8E-08) 4.2E-05  5.3324577E+05     20 7.6E+00
    31      1  1.0E+00     32 (9.8E-08) 4.2E-05  5.3324565E+05     20 7.6E+00
    32      1  1.0E+00     33 (7.4E-08) 4.2E-05  5.3324555E+05     20 7.6E+00
    33      1  1.0E+00     34 (6.9E-08) 4.2E-05  5.3324544E+05     20 7.6E+00
    34      1  1.0E+00     35 (1.1E-07) 4.2E-05  5.3324525E+05     20 7.6E+00
    35      1  1.0E+00     36 (2.3E-07) 4.2E-05  5.3324484E+05     20 7.6E+00
    36      1  1.0E+00     37 (5.9E-07) 6.1E-05  5.3324403E+05     20 7.6E+00
    37      1  1.0E+00     38 (1.2E-06) 9.5E-05  5.3324269E+05     20 7.6E+00
    38      1  1.0E+00     39 (1.9E-06) 1.4E-04  5.3324088E+05     20 7.6E+00
    39      1  1.0E+00     40 (1.7E-06) 1.8E-04  5.3323883E+05     20 7.6E+00

 Major Minors     Step   nCon Feasible  Optimal  MeritFunction     nS Penalty
    40      1  1.0E+00     41 (1.3E-06) 2.0E-04  5.3323631E+05     20 7.6E+00
    41      1  1.0E+00     42 (1.7E-06) 2.9E-04  5.3323214E+05     20 7.6E+00
    42      1  1.0E+00     43 (3.5E-06) 5.3E-04  5.3322346E+05     20 7.6E+00
    43      1  1.0E+00     44 (8.2E-06) 8.8E-04  5.3320448E+05     20 7.6E+00
    44      1  1.0E+00     45  1.9E-05  1.3E-03  5.3316517E+05     20 7.6E+00
    45      1  1.0E+00     46  3.8E-05  1.8E-03  5.3309412E+05     20 7.6E+00
    46      1  1.0E+00     47  6.8E-05  2.2E-03  5.3299204E+05     20 7.6E+00
    47      1  1.0E+00     48  1.2E-04  2.1E-03  5.3288184E+05     20 7.6E+00
    48      1  1.0E+00     49  8.0E-05  1.6E-03  5.3276500E+05     20 7.6E+00
    49      1  1.0E+00     50  6.6E-05  1.9E-03  5.3260446E+05     20 7.6E+00

 Major Minors     Step   nCon Feasible  Optimal  MeritFunction     nS Penalty
    50      1  1.0E+00     51  7.1E-05  2.1E-03  5.3236961E+05     20 7.6E+00
    51      1  1.0E+00     52  8.9E-05  2.1E-03  5.3207102E+05     20 7.6E+00
    52      1  1.0E+00     53  8.7E-05  1.2E-03  5.3184381E+05     20 7.6E+00
    53      1  1.0E+00     54  3.5E-05  1.9E-03  5.3168112E+05     20 7.6E+00
    54      1  1.0E+00     55  1.7E-05  2.4E-03  5.3158898E+05     20 7.6E+00
    55      1  1.0E+00     56  3.3E-05  2.6E-03  5.3152682E+05     20 7.6E+00
    56      1  1.0E+00     57  1.7E-05  1.8E-03  5.3145600E+05     20 7.6E+00
    57      1  1.0E+00     58  1.4E-05  8.4E-04  5.3139447E+05     20 7.6E+00
    58      1  1.0E+00     59 (5.5E-06) 4.5E-04  5.3137497E+05     20 7.6E+00
    59      1  1.0E+00     60 (6.7E-07) 6.1E-05  5.3137202E+05     20 7.6E+00

 Major Minors     Step   nCon Feasible  Optimal  MeritFunction     nS Penalty
    60      1  1.0E+00     61 (1.7E-07) 4.3E-05  5.3137119E+05     20 7.6E+00
    61      1  1.0E+00     62 (5.8E-08) 2.7E-05  5.3137091E+05     20 7.6E+00
    62      1  1.0E+00     63 (4.6E-08) 1.8E-05  5.3137077E+05     20 7.6E+00
    63      1  1.0E+00     64 (1.7E-08) 9.1E-06  5.3137072E+05     20 7.6E+00
    64      1  1.0E+00     65 (5.7E-09) 6.4E-06  5.3137071E+05     20 7.6E+00
    65      1  1.0E+00     66 (1.7E-09) 5.0E-06  5.3137070E+05     20 7.6E+00
    66      1  1.0E+00     67 (6.0E-10) 3.4E-06  5.3137069E+05     20 7.6E+00
    67      1  1.0E+00     68 (3.2E-10) 2.2E-06  5.3137069E+05     20 7.6E+00
    68      1  1.0E+00     69 (1.7E-10) 1.1E-06  5.3137069E+05     20 7.6E+00
    69      1  1.0E+00     70 (3.6E-11) 9.1E-07  5.3137069E+05     20 7.6E+00

 Major Minors     Step   nCon Feasible  Optimal  MeritFunction     nS Penalty
    70      1  1.0E+00     71 (3.7E-12) 9.1E-07  5.3137069E+05     20 7.6E+00
    71      1  1.0E+00     72 (8.6E-12) 9.1E-07  5.3137069E+05     20 7.6E+00
    72      1  1.0E+00     73 (2.1E-12) 9.1E-07  5.3137069E+05     20 7.6E+00
    73      1  1.3E-01     74 (6.1E-11) 9.1E-07  5.3137069E+05     20 7.6E+00
    74      1  1.0E+00     75 (3.0E-12) 1.4E-06  5.3137069E+05     20 7.6E+00
    75      1  1.0E+00     76 (4.6E-10) 1.8E-06  5.3137069E+05     20 7.6E+00
    76      1  1.0E+00     77 (7.0E-11) 2.0E-06  5.3137069E+05     20 7.6E+00
    77      1  1.0E+00     78 (2.0E-09) 6.8E-06  5.3137068E+05     20 7.6E+00
    78      1  1.0E+00     79 (3.1E-09) 7.9E-06  5.3137067E+05     20 7.6E+00
    79      1  1.0E+00     80 (6.8E-09) 1.3E-05  5.3137063E+05     20 7.6E+00

 Major Minors     Step   nCon Feasible  Optimal  MeritFunction     nS Penalty
    80      1  1.0E+00     81 (2.0E-08) 2.0E-05  5.3137054E+05     20 7.6E+00
    81      1  1.0E+00     82 (4.6E-08) 3.0E-05  5.3137033E+05     20 7.6E+00
    82      1  1.0E+00     83 (8.9E-08) 4.2E-05  5.3136987E+05     20 7.6E+00
    83      1  1.0E+00     84 (1.3E-07) 6.1E-05  5.3136900E+05     20 7.6E+00
    84      1  1.0E+00     85 (1.4E-07) 9.6E-05  5.3136753E+05     20 7.6E+00
    85      1  1.0E+00     86 (1.5E-07) 1.3E-04  5.3136530E+05     20 7.6E+00
    86      1  1.0E+00     87 (3.0E-07) 1.5E-04  5.3136188E+05     20 7.6E+00
    87      1  1.0E+00     88 (6.4E-07) 2.0E-04  5.3135653E+05     20 7.6E+00
    88      1  1.0E+00     89 (8.6E-07) 2.1E-04  5.3134879E+05     20 7.6E+00
    89      1  1.0E+00     90 (5.0E-07) 1.8E-04  5.3134107E+05     20 7.6E+00

 Major Minors     Step   nCon Feasible  Optimal  MeritFunction     nS Penalty
    90      1  1.0E+00     91 (4.6E-07) 9.0E-05  5.3133740E+05     20 7.6E+00
    91      1  1.0E+00     92 (2.0E-07) 2.3E-05  5.3133676E+05     20 7.6E+00
    92      1  1.0E+00     93 (1.7E-08) 3.4E-06  5.3133671E+05     20 7.6E+00
    93      1  1.0E+00     94 (3.4E-10) 4.7E-07  5.3133671E+05     20 7.6E+00
    94      1  1.0E+00     95 (1.5E-11) 2.4E-07  5.3133671E+05     20 7.6E+00
    95      1  1.0E+00     96 (4.4E-12) 2.4E-07  5.3133671E+05     20 7.6E+00

 SNOPTC EXIT   0 -- finished successfully
 SNOPTC INFO   3 -- requested accuracy could not be achieved

 Problem name                 Optimiza
 No. of iterations                 226   Objective            5.3133671328E+05
 No. of major iterations            95   Linear    obj. term  0.0000000000E+00
 Penalty parameter           7.581E+00   Nonlinear obj. term  5.3133671328E+05
 User function calls (total)       200   Calls with modes 1,2 (known g)     96
 No. of superbasics                 20   No. of basic nonlinears             2
 No. of degenerate steps             0   Percentage                       0.00
 Max x                      23 3.0E+01   Max pi                      2 5.4E+05
 Max Primal infeas          27 1.3E-10   Max Dual infeas            18 8.0E-01
 Nonlinear constraint violn    1.3E-10



 Solution printed on file  18

 Time for MPS input                             0.00 seconds
 Time for solving problem                    1873.81 seconds
 Time for solution output                       0.00 seconds
 Time for constraint functions               1873.78 seconds
 Time for objective function                    0.00 seconds
