
 ==============================
 S N O P T  7.7.7    (Feb 2021)
 ==============================

 SNMEMB EXIT 100 -- finished successfully
 SNMEMB INFO 104 -- memory requirements estimated

 ==============================
 S N O P T  7.7.7    (Feb 2021)
 ==============================



 Nonlinear constraints     154     Linear constraints       0
 Nonlinear variables        34     Linear variables         0
 Jacobian  variables        34     Objective variables     34
 Total constraints         154     Total variables         34



 The user has defined    5236   out of    5236   constraint gradients.
 The user has defined      34   out of      34   objective  gradients.


 Major Minors     Step   nCon Feasible  Optimal  MeritFunction     nS Penalty
     0     28               1  1.4E-01  6.2E-01  1.5975425E+06      3           r
     1     25  2.3E-01      2  5.8E-02  4.9E-02  4.0558642E+05      3           rl
     2     21  1.3E-01      3  6.0E-02  3.6E-02  3.5842521E+05     11         s
     3     24  1.0E-01      4  6.3E-02  2.9E-02  3.4188742E+05     10            D
     4     30  1.0E-01      5  6.8E-02  2.0E-02  3.3374337E+05     11            D
     5     35  1.0E-01      6  7.1E-02  3.2E-02  3.2208791E+05     15            D
     6     30  1.0E-01      7  7.4E-02  6.0E-02  3.0734347E+05     14            D
     7     15  1.0E-01      8  7.7E-02  5.4E-02  2.9341669E+05     18            D
     8     10  1.0E-01     10  7.9E-02  5.5E-02  2.7957583E+05     17            D
     9     10  1.0E-01     12  7.4E-02  3.3E-02  2.6721602E+05     16          M D

 Major Minors     Step   nCon Feasible  Optimal  MeritFunction     nS Penalty
    10      7  1.0E-01     14  5.4E-02  3.8E-02  2.5547729E+05     15            D
    11     24  1.0E-01     16  4.1E-02  1.9E-02  2.4518544E+05     25           RD
    12      9  1.0E+00     17  5.5E-02  2.0E-02  2.5808054E+05     25 4.1E+06 s
    13      3  1.0E+00     18  2.6E-02  2.7E-02  2.0241363E+05     27 2.3E+03
    14      2  7.8E-02     19  2.4E-02  1.5E-02  2.1899636E+05     26 1.1E+06
    15      3  1.0E+00     20  1.6E-02  1.5E-02  1.9952520E+05     24 1.1E+06
    16      1  1.0E+00     21  2.5E-03  1.4E-02  1.9363162E+05     24 3.2E+03
    17      4  1.0E+00     22  4.6E-04  1.2E-02  1.8952713E+05     23 1.9E+02
    18      2  1.0E+00     23  2.0E-03  8.5E-03  1.8493193E+05     22 5.3E+01
    19      4  1.0E+00     24  8.4E-05  1.5E-02  1.8306690E+05     25 4.4E+01

 Major Minors     Step   nCon Feasible  Optimal  MeritFunction     nS Penalty
    20      3  4.1E-01     25  2.3E-03  3.3E-02  1.8197886E+05     23 4.4E+01
    21      2  1.0E+00     26  2.5E-04  6.6E-03  1.8146103E+05     22 4.4E+01
    22      3  1.0E+00     27  8.4E-04  1.0E-02  1.8019292E+05     22 4.4E+01
    23      3  1.0E+00     28  3.4E-03  9.4E-03  1.7761079E+05     22 4.4E+01
    24      1  1.0E+00     29  1.4E-04  6.3E-03  1.7709462E+05     22 4.4E+01
    25      1  1.0E+00     30  4.0E-04  4.6E-03  1.7661259E+05     22 4.4E+01
    26      1  1.0E+00     31  2.0E-04  3.3E-03  1.7651117E+05     22 4.4E+01
    27      1  1.0E+00     32  9.4E-05  3.5E-03  1.7643910E+05     22 4.4E+01
    28      2  1.0E+00     33  2.4E-04  4.3E-03  1.7628578E+05     21 4.4E+01
    29      1  1.0E+00     34  3.0E-04  4.5E-03  1.7599293E+05     21 4.4E+01

 Major Minors     Step   nCon Feasible  Optimal  MeritFunction     nS Penalty
    30      1  1.0E+00     35  3.3E-04  4.0E-03  1.7537849E+05     21 4.4E+01
    31      1  1.0E+00     36  2.0E-04  4.2E-03  1.7443413E+05     21 4.4E+01
    32      2  1.0E+00     37  2.3E-04  2.6E-02  1.7337568E+05     20 4.4E+01
    33      1  1.0E+00     38  8.7E-04  3.8E-03  1.7275746E+05     20 4.4E+01
    34      1  1.0E+00     39  2.0E-03  4.4E-03  1.7224639E+05     20 4.4E+01
    35      1  1.0E+00     40  4.6E-05  6.5E-03  1.7201804E+05     20 4.4E+01
    36      1  1.0E+00     41  1.6E-04  3.9E-03  1.7172571E+05     20 4.4E+01
    37      1  1.0E+00     42  1.2E-04  5.9E-03  1.7153839E+05     20 4.4E+01
    38      1  1.0E+00     43  2.2E-04  5.5E-03  1.7137027E+05     20 4.4E+01
    39      1  1.0E+00     44  4.9E-05  2.9E-03  1.7125135E+05     20 4.4E+01

 Major Minors     Step   nCon Feasible  Optimal  MeritFunction     nS Penalty
    40      1  1.0E+00     45  3.5E-05  2.1E-03  1.7118072E+05     20 4.4E+01
    41      1  1.0E+00     46  1.9E-05  2.4E-03  1.7112982E+05     20 4.4E+01
    42      1  1.0E+00     47  3.7E-05  3.1E-03  1.7104553E+05     20 4.4E+01
    43      1  1.0E+00     48  1.0E-04  4.3E-03  1.7090575E+05     20 4.4E+01
    44      1  1.0E+00     49  2.6E-04  8.9E-03  1.7071229E+05     20 4.4E+01
    45      1  1.0E+00     50  2.5E-04  5.9E-03  1.7051767E+05     20 4.4E+01
    46      1  1.0E+00     51  2.6E-04  6.5E-03  1.7035782E+05     20 4.4E+01
    47      1  1.0E+00     52  2.0E-04  6.6E-03  1.7021974E+05     20 4.4E+01
    48      2  1.0E+00     53  1.9E-04  4.4E-03  1.7005561E+05     19 4.4E+01
    49      1  1.0E+00     54  2.1E-05  2.2E-03  1.6988618E+05     19 4.4E+01

 Major Minors     Step   nCon Feasible  Optimal  MeritFunction     nS Penalty
    50      1  1.0E+00     55  8.6E-05  1.3E-03  1.6972405E+05     19 4.4E+01
    51      1  1.0E+00     56  3.2E-05  1.4E-03  1.6968126E+05     19 4.4E+01
    52      1  1.0E+00     57  5.2E-05  6.9E-04  1.6964096E+05     19 4.4E+01
    53      1  1.0E+00     58 (6.4E-06) 4.8E-04  1.6962535E+05     19 4.4E+01
    54      1  1.0E+00     59 (4.8E-06) 5.6E-04  1.6961572E+05     19 4.4E+01
    55      1  1.0E+00     60 (8.3E-06) 6.3E-04  1.6961063E+05     19 4.4E+01
    56      1  1.0E+00     61 (5.2E-06) 4.5E-04  1.6960652E+05     19 4.4E+01
    57      1  1.0E+00     62 (9.2E-07) 2.0E-04  1.6960380E+05     19 4.4E+01
    58      1  1.0E+00     63 (6.3E-07) 2.6E-04  1.6960202E+05     19 4.4E+01
    59      1  1.0E+00     64 (1.2E-06) 3.3E-04  1.6960079E+05     19 4.4E+01

 Major Minors     Step   nCon Feasible  Optimal  MeritFunction     nS Penalty
    60      1  1.0E+00     65 (8.0E-07) 3.8E-04  1.6959967E+05     19 4.4E+01
    61      1  1.0E+00     66 (1.9E-07) 3.8E-04  1.6959865E+05     19 4.4E+01
    62      1  1.0E+00     67 (1.6E-07) 3.3E-04  1.6959783E+05     19 4.4E+01
    63      1  1.0E+00     68 (3.9E-07) 2.5E-04  1.6959718E+05     19 4.4E+01
    64      1  1.0E+00     69 (1.5E-07) 1.5E-04  1.6959666E+05     19 4.4E+01
    65      1  1.0E+00     70 (1.0E-07) 7.8E-05  1.6959635E+05     19 4.4E+01
    66      1  1.0E+00     71 (1.3E-07) 5.4E-05  1.6959620E+05     19 4.4E+01
    67      1  1.0E+00     72 (1.2E-07) 3.8E-05  1.6959610E+05     19 4.4E+01
    68      1  1.0E+00     73 (1.3E-07) 3.6E-05  1.6959596E+05     19 4.4E+01
    69      1  1.0E+00     74 (2.2E-08) 4.0E-05  1.6959577E+05     19 4.4E+01

 Major Minors     Step   nCon Feasible  Optimal  MeritFunction     nS Penalty
    70      1  1.0E+00     75 (6.6E-08) 2.5E-05  1.6959564E+05     19 4.4E+01
    71      1  1.0E+00     76 (1.3E-07) 1.3E-05  1.6959560E+05     19 4.4E+01
    72      1  1.0E+00     77 (2.2E-08) 1.5E-05  1.6959559E+05     19 4.4E+01
    73      1  1.0E+00     78 (4.7E-09) 1.7E-05  1.6959559E+05     19 4.4E+01
    74      1  1.0E+00     79 (6.6E-09) 1.6E-05  1.6959558E+05     19 4.4E+01
    75      1  1.0E+00     80 (3.6E-10) 1.5E-05  1.6959557E+05     19 4.4E+01
    76      1  1.0E+00     81 (4.5E-09) 1.3E-05  1.6959556E+05     19 4.4E+01
    77      1  1.0E+00     82 (6.5E-09) 1.1E-05  1.6959556E+05     19 4.4E+01
    78      1  1.0E+00     83 (2.9E-09) 1.0E-05  1.6959556E+05     19 4.4E+01
    79      1  1.0E+00     84 (2.5E-09) 8.3E-06  1.6959555E+05     19 4.4E+01

 Major Minors     Step   nCon Feasible  Optimal  MeritFunction     nS Penalty
    80      1  1.0E+00     85 (5.1E-10) 5.2E-06  1.6959555E+05     19 4.4E+01
    81      1  1.0E+00     86 (1.2E-09) 5.3E-06  1.6959555E+05     19 4.4E+01
    82      1  1.0E+00     87 (2.6E-09) 5.8E-06  1.6959554E+05     19 4.4E+01
    83      1  1.0E+00     88 (4.5E-10) 5.8E-06  1.6959554E+05     19 4.4E+01
    84      1  1.0E+00     89 (4.2E-11) 6.0E-06  1.6959554E+05     19 4.4E+01
    85      1  1.0E+00     90 (8.8E-11) 5.7E-06  1.6959554E+05     19 4.4E+01
    86      1  1.0E+00     91 (6.6E-11) 4.8E-06  1.6959554E+05     19 4.4E+01
    87      1  1.0E+00     92 (1.8E-10) 3.8E-06  1.6959554E+05     19 4.4E+01
    88      1  1.0E+00     93 (2.0E-10) 2.7E-06  1.6959554E+05     19 4.4E+01
    89      1  1.0E+00     94 (1.5E-11) 2.3E-06  1.6959554E+05     19 4.4E+01

 Major Minors     Step   nCon Feasible  Optimal  MeritFunction     nS Penalty
    90      1  1.0E+00     95 (1.4E-11) 2.0E-06  1.6959554E+05     19 4.4E+01
    91      1  1.0E+00     96 (7.6E-12) 1.6E-06  1.6959554E+05     19 4.4E+01
    92      1  1.0E+00     97 (1.0E-11) 1.1E-06  1.6959554E+05     19 4.4E+01
    93      1  1.0E+00     98 (1.4E-11) 8.6E-07  1.6959554E+05     19 4.4E+01
    94      1  1.0E+00     99 (1.3E-11) 5.1E-07  1.6959554E+05     19 4.4E+01
    95      1  1.0E+00    100 (1.5E-12) 2.1E-07  1.6959554E+05     19 4.4E+01
    96      1  1.0E+00    101 (5.6E-12) 2.9E-07  1.6959554E+05     19 4.4E+01
    97      1  3.5E-01    102 (7.1E-12) 3.7E-07  1.6959554E+05     19 4.4E+01
    98      1  1.0E+00    103 (4.0E-13) 4.5E-07  1.6959554E+05     19 4.4E+01
    99      1  1.0E+00    104 (2.9E-11) 4.6E-07  1.6959554E+05     19 4.4E+01

 Major Minors     Step   nCon Feasible  Optimal  MeritFunction     nS Penalty
   100      1  1.0E+00    105 (2.1E-13) 3.4E-07  1.6959554E+05     19 4.4E+01
   101      1  1.0E+00    106 (1.8E-11) 1.5E-07  1.6959554E+05     19 4.4E+01
   102      1  4.8E-01    107 (4.9E-14)(9.2E-08) 1.6959554E+05     19 4.4E+01

 SNOPTC EXIT   0 -- finished successfully
 SNOPTC INFO   1 -- optimality conditions satisfied

 Problem name                 Optimiza
 No. of iterations                 380   Objective            1.6959554258E+05
 No. of major iterations           102   Linear    obj. term  0.0000000000E+00
 Penalty parameter           4.391E+01   Nonlinear obj. term  1.6959554258E+05
 User function calls (total)       281   Calls with modes 1,2 (known g)    107
 No. of superbasics                 19   No. of basic nonlinears             3
 No. of degenerate steps             0   Percentage                       0.00
 Max x                      26 1.0E+01   Max pi                      1 1.7E+05
 Max Primal infeas          35 4.9E-13   Max Dual infeas           188 6.0E+03
 Nonlinear constraint violn    4.9E-13



 Solution printed on file  18

 Time for MPS input                             0.00 seconds
 Time for solving problem                    2780.12 seconds
 Time for solution output                       0.00 seconds
 Time for constraint functions               2780.09 seconds
 Time for objective function                    0.00 seconds
