
 ==============================
 S N O P T  7.7.7    (Feb 2021)
 ==============================

 SNMEMB EXIT 100 -- finished successfully
 SNMEMB INFO 104 -- memory requirements estimated

 ==============================
 S N O P T  7.7.7    (Feb 2021)
 ==============================



 Nonlinear constraints       4     Linear constraints       0
 Nonlinear variables        25     Linear variables         0
 Jacobian  variables        25     Objective variables     25
 Total constraints           4     Total variables         25



 The user has defined     100   out of     100   constraint gradients.
 The user has defined      25   out of      25   objective  gradients.


 Major Minors     Step   nCon Feasible  Optimal  MeritFunction     nS Penalty
     0     23               1  4.8E-02  6.4E-01  1.5975425E+04      4           r
     1      9  9.5E-02      2  4.3E-02  4.2E-01  1.0688665E+04      5           r
     2     16  5.5E-02      3  4.1E-02  1.5E-01  9.0969731E+03      9         s  D
     3     18  1.0E-01      5  3.5E-02  1.9E-01  7.5389752E+03     12            D
     4     17  1.0E-01      7  3.1E-02  3.4E-02  6.6410800E+03      7           RD
     5     61  1.0E-01      8  2.7E-02  4.1E-02  2.9260081E+04      8 3.3E+05 s  D
     6     71  1.0E-01      9  2.1E-02  3.6E-02  3.7808903E+04      9 6.3E+05    D
     7     25  1.0E-01     10  1.6E-02  3.1E-02  6.6620363E+04      9 1.9E+06    D
     8     36  1.0E-01     11  1.2E-02  2.3E-01  8.1705438E+04     12 3.3E+06    D
     9     32  1.0E-01     12  1.1E-02  6.7E-02  4.8260818E+04     11 1.2E+06    D

 Major Minors     Step   nCon Feasible  Optimal  MeritFunction     nS Penalty
    10     43  1.0E-01     13  1.2E-02  5.9E-02  3.7611041E+04     14 1.8E+03    D
    11     22  1.0E-01     14  1.2E-02  2.3E-02  3.5606433E+04     11 7.2E+01    D
    12     16  2.3E-02     15  1.2E-02  2.4E-02  6.9496647E+04     10 3.7E+06    D
    13     15  2.8E-02     16  1.1E-02  2.2E-02  6.9094294E+04     12 3.7E+06    D
    14      5  2.1E-03     17  1.1E-02  2.4E-02  7.7818851E+04     10 4.7E+06
    15      8  8.0E-03     18  1.1E-02  2.3E-02  2.8010361E+05      9 2.8E+07    D
    16     10  8.6E-03     19  1.1E-02  2.1E-02  2.8893665E+05     10 2.9E+07    D
    17     15  7.6E-03     20  1.1E-02  2.0E-02  3.2831044E+05      9 3.4E+07    D
    18     15  1.0E-02     21  1.1E-02  1.9E-02  4.4490625E+05      7 4.9E+07    D
    19     18  4.8E-03     22  1.1E-02  1.9E-02  4.5599811E+05     10 5.0E+07

 Major Minors     Step   nCon Feasible  Optimal  MeritFunction     nS Penalty
    20     16  1.0E-02     23  1.1E-02  3.9E-02  4.8713037E+05     10 5.4E+07    D
    21     10  7.0E-03     24  1.1E-02  2.1E-02  5.0266975E+05      7 5.6E+07
    22     25  1.3E-02     25  1.1E-02  2.3E-02  5.0109743E+05     11 5.6E+07    D
    23      9  3.9E-02     27  1.0E-02  4.3E-02  4.8658309E+05     13 5.6E+07  M D
    24     23  9.9E-01     29  2.0E+00  1.3E-01 -4.4845393E+05     11 1.5E+04
    25     24  1.3E-01     30  8.8E-01  7.8E-02 -4.3239021E+04      5 3.6E+03
    26     16  1.6E-01     31  3.8E-01  4.0E-01  4.6490958E+06     10 1.1E+05
    27     74  9.4E-01     32  1.5E-01  5.5E-02  2.5851888E+05      6 1.3E+03    l
    28     37  1.0E+00     34  1.1E-03  7.7E-01 -3.7288650E+06     14 1.4E+05
    29      7  4.0E-02     35  1.1E-03  5.6E-01  9.0245498E+03     12 3.2E+08

 Major Minors     Step   nCon Feasible  Optimal  MeritFunction     nS Penalty
    30     15  7.7E-05     36  1.1E-03  1.4E+00  1.2855073E+04     15 3.2E+08
    31      4  3.2E-04     38  1.1E-03  1.3E+00  1.2854108E+04     15 3.2E+08  M
    32      4  3.3E-04     40  1.1E-03  1.2E+00  1.2853225E+04     14 3.2E+08  M
    33      1  3.0E-04     42  1.1E-03  1.2E+00  1.2852530E+04     14 3.2E+08  M
    34      5  3.2E-04     44  1.1E-03  1.3E+00  1.2851815E+04     14 3.2E+08  M
    35      3  3.7E-04     46  1.1E-03  1.0E+00  1.2851074E+04     14 3.2E+08  M
    36      2  2.6E-04     48  1.1E-03  1.0E+00  1.2850572E+04     13 3.2E+08  M
    37      1  2.8E-04     50  1.1E-03  1.1E+00  1.2850065E+04     13 3.2E+08  M
    38      1  2.8E-04     52  1.1E-03  1.1E+00  1.2849559E+04     13 3.2E+08  M
    39      1  2.9E-04     54  1.1E-03  1.1E+00  1.2849054E+04     13 3.2E+08  M

 Major Minors     Step   nCon Feasible  Optimal  MeritFunction     nS Penalty
    40      1  2.4E-04     56  1.1E-03  1.1E+00  1.2848503E+04     13 3.2E+08  M
    41      3  2.4E-04     58  1.1E-03  1.2E+00  1.2847956E+04     15 3.2E+08  M
    42      1  2.3E-04     60  1.1E-03  1.2E+00  1.2847251E+04     15 3.2E+08  M
    43      1  3.2E-04     62  1.1E-03  1.2E+00  1.2846451E+04     15 3.2E+08  M
    44      2  2.8E-04     64  1.1E-03  1.2E+00  1.2845725E+04     14 3.2E+08  M
    45      2  2.5E-04     66  1.1E-03  1.3E+00  1.2845029E+04     15 3.2E+08  M
    46      1  3.0E-04     68  1.1E-03  1.2E+00  1.2844243E+04     15 3.2E+08  M
    47      2  2.8E-04     70  1.1E-03  1.2E+00  1.2843495E+04     14 3.2E+08  M
    48      1  2.5E-04     72  1.1E-03  1.3E+00  1.2842798E+04     14 3.2E+08  M
    49      1  2.9E-04     74  1.1E-03  1.3E+00  1.2842053E+04     14 3.2E+08  M

 Major Minors     Step   nCon Feasible  Optimal  MeritFunction     nS Penalty
    50      2  3.0E-04     76  1.1E-03  1.3E+00  1.2841326E+04     15 3.2E+08  M
    51      2  3.3E-04     78  1.1E-03  1.3E+00  1.2840613E+04     14 3.2E+08  M
    52      1  3.0E-04     80  1.1E-03  1.3E+00  1.2839898E+04     14 3.2E+08  M
    53      1  2.9E-04     82  1.1E-03  1.2E+00  1.2839193E+04     14 3.2E+08  M
    54      1  2.8E-04     84  1.1E-03  1.3E+00  1.2838492E+04     14 3.2E+08  M
    55      1  2.7E-04     86  1.1E-03  1.3E+00  1.2837793E+04     14 3.2E+08  M
    56      1  2.7E-04     88  1.1E-03  1.3E+00  1.2837095E+04     14 3.2E+08  M
    57      1  2.9E-04     90  1.1E-03  1.3E+00  1.2836413E+04     14 3.2E+08  M
    58      1  2.8E-04     92  1.1E-03  1.3E+00  1.2835724E+04     14 3.2E+08  M
    59      1  2.8E-04     94  1.1E-03  1.3E+00  1.2835037E+04     14 3.2E+08

 Major Minors     Step   nCon Feasible  Optimal  MeritFunction     nS Penalty
    60     12  2.8E-04     96  1.1E-03  1.2E+00  1.2834352E+04     15 3.2E+08  M
    61     11  2.4E-04     97  1.1E-03  2.0E-01  1.2833257E+04     16 3.2E+08
    62      1  1.8E-04     99  1.1E-03  2.0E-01  1.2831702E+04     16 3.2E+08
    63     15  1.8E-04    101  1.1E-03  5.5E-02  1.2830149E+04     18 3.2E+08   R
    64      8  3.1E-01    103  6.9E-04  6.6E-02  7.2761536E+05     17 4.4E+08   R
    65      9  3.2E-01    105  5.3E-04  4.8E-02  6.5304882E+05     19 4.4E+08 sM
    66      1  7.5E-02    107  5.0E-04  4.7E-02  6.1396444E+05     19 4.4E+08
    67      3  5.3E-01    108  1.9E-04  1.2E-01  1.0373911E+03     21 4.4E+08
    68      3  1.0E+00    109  5.3E-05  2.2E-01  1.2749482E+04     23 2.6E+08
    69      1  1.0E+00    110 (1.4E-07) 5.0E-01  1.1620455E+04     23 2.3E+07

 Major Minors     Step   nCon Feasible  Optimal  MeritFunction     nS Penalty
    70      1  1.0E+00    112 (8.3E-06) 4.8E-01  1.1439294E+04     23 5.7E+04
    71      1  1.0E+00    114  1.4E-05  1.5E-01  1.1237304E+04     23 3.1E+03   R
    72      1  1.0E+00    115 (9.7E-07) 1.8E-01  1.1190442E+04     23 7.3E+02 s
    73      3  1.0E+00    116  4.4E-04  1.1E-01  9.1244579E+03     23 5.3E+02
    74      3  4.8E-01    117  5.0E-04  1.4E-01  8.7452424E+03     21 5.3E+02
    75      2  2.8E-01    118  5.6E-04  9.9E-02  8.8774755E+03     20 8.2E+04
    76      4  3.8E-01    119  9.0E-04  1.2E-01  8.1944360E+03     21 5.5E+03
    77     12  1.0E+00    120  1.7E-03  7.9E-02  7.0835747E+03     21 2.0E+03
    78     10  4.7E-01    121  1.5E-03  2.3E-01  6.5500839E+03     22 2.0E+03
    79      2  1.0E+00    122  4.8E-04  8.9E-02  6.2674893E+03     23 2.0E+03

 Major Minors     Step   nCon Feasible  Optimal  MeritFunction     nS Penalty
    80      1  1.1E-01    123  4.4E-04  1.6E-01  6.2982320E+03     23 1.6E+04
    81      1  5.1E-02    124  4.2E-04  1.3E-01  6.3000107E+03     23 2.0E+04
    82      1  9.5E-02    125  3.9E-04  1.2E-01  6.2872536E+03     23 2.0E+04
    83      1  2.9E-01    126  3.4E-04  1.0E-01  6.2585871E+03     23 2.0E+04
    84      1  1.0E+00    127  1.1E-04  1.4E-01  6.1574298E+03     23 4.7E+03
    85      1  3.5E-01    128  1.1E-04  5.6E-02  6.1934640E+03     23 3.8E+05
    86      5  4.4E-01    129  1.9E-04  6.2E-02  6.0353231E+03     23 4.6E+04
    87      2  1.0E+00    130  6.7E-05  6.6E-02  6.0040596E+03     22 4.6E+04
    88      2  1.0E+00    131  1.9E-04  6.1E-02  5.9839918E+03     23 3.5E+04
    89      2  1.0E+00    132  5.5E-05  4.8E-02  5.9410054E+03     22 3.5E+04

 Major Minors     Step   nCon Feasible  Optimal  MeritFunction     nS Penalty
    90      4  1.0E+00    133  1.1E-04  5.4E-02  5.9304434E+03     23 3.5E+04
    91      1  1.8E-01    134  8.8E-05  3.5E-02  5.9189981E+03     23 3.5E+04
    92      1  1.0E+00    135  1.0E-04  3.1E-02  5.9060831E+03     23 3.5E+04
    93      1  1.0E+00    136  3.3E-05  3.7E-02  5.8898961E+03     23 3.5E+04
    94      1  1.0E+00    137  1.4E-04  2.1E-02  5.8743101E+03     23 3.5E+04
    95      1  1.0E+00    138  1.6E-04  3.3E-02  5.8509299E+03     23 3.5E+04
    96      2  1.0E+00    139  2.4E-05  3.8E-02  5.8356554E+03     22 3.5E+04
    97      2  2.6E-01    140  5.9E-05  2.0E-02  5.8225221E+03     21 3.5E+04
    98      1  4.5E-01    141  1.4E-04  3.5E-02  5.7992931E+03     21 3.5E+04
    99      1  1.0E+00    142  3.0E-04  4.9E-02  5.7924330E+03     21 3.5E+04

 Major Minors     Step   nCon Feasible  Optimal  MeritFunction     nS Penalty
   100      1  1.0E+00    143  4.5E-05  3.0E-02  5.7681869E+03     21 3.5E+04
   101      2  1.0E+00    144  3.0E-05  1.9E-02  5.7600990E+03     22 3.5E+04
   102      2  1.0E+00    145  3.0E-04  4.3E-02  5.7558894E+03     23 3.5E+04
   103      1  1.0E+00    146  3.5E-05  2.5E-02  5.7354914E+03     23 3.5E+04
   104      2  1.0E+00    147  9.7E-05  2.8E-02  5.7285413E+03     22 3.5E+04
   105      1  1.0E+00    148  3.9E-05  1.8E-02  5.7206848E+03     22 3.5E+04
   106      2  1.0E+00    149  2.4E-05  2.5E-02  5.7144787E+03     21 3.5E+04
   107      2  3.5E-01    150  5.0E-05  2.3E-02  5.7083750E+03     22 3.5E+04
   108      2  4.2E-01    151  7.4E-05  2.7E-02  5.7027459E+03     21 3.5E+04
   109      1  1.0E+00    152  1.4E-04  3.8E-02  5.6987021E+03     21 3.5E+04

 Major Minors     Step   nCon Feasible  Optimal  MeritFunction     nS Penalty
   110      1  1.0E+00    153  1.4E-05  1.3E-02  5.6931572E+03     21 3.5E+04
   111      1  1.0E+00    154  4.5E-05  3.4E-02  5.6844728E+03     21 3.5E+04
   112      2  1.0E+00    155  3.4E-05  3.8E-02  5.6792552E+03     22 3.5E+04
   113      2  1.0E+00    156  7.9E-05  2.7E-02  5.6734526E+03     21 3.5E+04
   114      1  1.0E+00    157  1.5E-05  3.7E-02  5.6672872E+03     21 3.5E+04
   115      1  1.9E-01    158  2.9E-05  2.2E-02  5.6632586E+03     21 3.5E+04
   116      1  1.0E+00    159  2.2E-04  3.0E-02  5.6603004E+03     21 3.5E+04
   117      1  1.0E+00    160  2.2E-05  1.9E-02  5.6540851E+03     21 3.5E+04
   118      2  1.0E+00    161 (5.5E-06) 1.6E-02  5.6507152E+03     22 3.5E+04
   119      1  1.0E+00    162  2.0E-04  2.9E-02  5.6388894E+03     22 3.5E+04

 Major Minors     Step   nCon Feasible  Optimal  MeritFunction     nS Penalty
   120      1  1.0E+00    163  7.5E-05  3.7E-02  5.6374398E+03     22 3.5E+04
   121      1  1.0E+00    164  1.7E-05  2.0E-02  5.6335805E+03     22 3.5E+04
   122      2  1.0E+00    165  1.3E-05  1.5E-02  5.6296981E+03     21 3.5E+04
   123      1  1.0E+00    166  3.5E-05  1.2E-02  5.6220932E+03     21 3.5E+04
   124      1  1.0E+00    167  4.4E-05  1.3E-02  5.6111330E+03     21 3.5E+04
   125      1  1.0E+00    168  6.5E-05  9.7E-03  5.6053651E+03     21 3.5E+04
   126      2  1.0E+00    169  1.5E-05  1.1E-02  5.6007131E+03     22 3.5E+04
   127      1  1.0E+00    170  2.4E-04  1.3E-02  5.5907820E+03     22 3.5E+04
   128      2  1.0E+00    171  1.3E-04  1.5E-02  5.5847048E+03     21 3.5E+04
   129      1  1.0E+00    172  1.6E-05  1.5E-02  5.5793932E+03     21 3.5E+04

 Major Minors     Step   nCon Feasible  Optimal  MeritFunction     nS Penalty
   130      1  2.0E-01    173  8.2E-05  9.9E-03  5.5704515E+03     21 3.5E+04
   131      2  1.0E+00    174  2.8E-05  8.7E-03  5.5651686E+03     22 3.5E+04
   132      2  1.0E+00    175  3.4E-05  7.4E-03  5.5584478E+03     21 3.5E+04
   133      2  1.0E+00    176  4.9E-05  7.0E-03  5.5522117E+03     20 3.5E+04
   134      1  1.0E+00    177  2.6E-05  4.6E-03  5.5486111E+03     20 3.5E+04
   135      1  1.0E+00    178 (8.2E-06) 4.1E-03  5.5460405E+03     20 3.5E+04
   136      1  1.0E+00    179  2.2E-05  4.0E-03  5.5424687E+03     20 3.5E+04
   137      1  1.0E+00    180  1.8E-05  4.1E-03  5.5402475E+03     20 3.5E+04
   138      1  1.0E+00    181  3.8E-05  6.0E-03  5.5381156E+03     20 3.5E+04
   139      1  4.3E-01    182  7.3E-05  6.4E-03  5.5353815E+03     20 3.5E+04

 Major Minors     Step   nCon Feasible  Optimal  MeritFunction     nS Penalty
   140      1  1.0E+00    183  3.7E-05  6.1E-03  5.5347774E+03     20 3.5E+04
   141      1  1.0E+00    184 (5.9E-06) 6.0E-03  5.5342546E+03     20 3.5E+04
   142      1  1.0E+00    185 (8.9E-06) 5.7E-03  5.5338682E+03     20 3.5E+04
   143      1  1.0E+00    186 (2.3E-06) 5.5E-03  5.5335657E+03     20 3.5E+04
   144      1  1.0E+00    187 (9.7E-06) 5.2E-03  5.5329581E+03     20 3.5E+04
   145      1  1.0E+00    188 (6.6E-06) 5.0E-03  5.5324186E+03     20 3.5E+04
   146      1  1.0E+00    189 (6.6E-06) 4.8E-03  5.5317160E+03     20 3.5E+04
   147      1  1.0E+00    190 (4.4E-06) 4.7E-03  5.5310357E+03     20 3.5E+04
   148      1  1.0E+00    191 (3.4E-06) 4.6E-03  5.5304159E+03     20 3.5E+04
   149      1  1.0E+00    192 (6.6E-06) 4.3E-03  5.5297707E+03     20 3.5E+04

 Major Minors     Step   nCon Feasible  Optimal  MeritFunction     nS Penalty
   150      1  1.0E+00    193  1.1E-05  4.0E-03  5.5291664E+03     20 3.5E+04
   151      1  1.0E+00    194  1.1E-05  3.6E-03  5.5285045E+03     20 3.5E+04
   152      1  1.0E+00    195  1.4E-05  2.9E-03  5.5277587E+03     20 3.5E+04
   153      1  1.0E+00    196 (8.8E-06) 2.9E-03  5.5272136E+03     20 3.5E+04
   154      1  1.0E+00    197 (6.2E-06) 2.8E-03  5.5266261E+03     20 3.5E+04
   155      1  1.0E+00    198 (8.5E-06) 2.7E-03  5.5256790E+03     20 3.5E+04
   156      1  1.0E+00    199 (5.1E-06) 3.0E-03  5.5249002E+03     20 3.5E+04
   157      1  1.0E+00    200 (4.0E-06) 3.0E-03  5.5244102E+03     20 3.5E+04
   158      1  1.0E+00    201 (5.0E-06) 3.0E-03  5.5240563E+03     20 3.5E+04
   159      1  1.0E+00    202 (4.2E-06) 2.7E-03  5.5237433E+03     20 3.5E+04

 Major Minors     Step   nCon Feasible  Optimal  MeritFunction     nS Penalty
   160      1  1.0E+00    203 (7.8E-06) 2.3E-03  5.5231983E+03     20 3.5E+04
   161      1  1.0E+00    204  1.3E-05  1.7E-03  5.5222289E+03     20 3.5E+04
   162      1  1.0E+00    205  1.7E-05  1.5E-03  5.5208967E+03     20 3.5E+04
   163      1  1.0E+00    206  1.7E-05  1.2E-03  5.5197950E+03     20 3.5E+04
   164      1  1.0E+00    207  1.2E-05  7.5E-04  5.5191590E+03     20 3.5E+04
   165      1  1.0E+00    208 (6.8E-06) 5.7E-04  5.5188313E+03     20 3.5E+04
   166      1  1.0E+00    209 (2.9E-06) 5.1E-04  5.5186961E+03     20 3.5E+04
   167      1  1.0E+00    210 (1.1E-06) 5.7E-04  5.5186134E+03     20 3.5E+04
   168      1  1.0E+00    211 (6.2E-07) 8.1E-04  5.5185335E+03     20 3.5E+04
   169      1  1.0E+00    212 (3.1E-07) 1.0E-03  5.5184770E+03     20 3.5E+04

 Major Minors     Step   nCon Feasible  Optimal  MeritFunction     nS Penalty
   170      1  1.0E+00    213 (3.5E-07) 1.1E-03  5.5184239E+03     20 3.5E+04
   171      1  1.0E+00    214 (5.2E-07) 8.9E-04  5.5183598E+03     20 3.5E+04
   172      1  1.0E+00    215 (6.7E-07) 6.2E-04  5.5182915E+03     20 3.5E+04
   173      1  1.0E+00    216 (5.0E-07) 3.9E-04  5.5182418E+03     20 3.5E+04
   174      1  1.0E+00    217 (2.7E-07) 3.8E-04  5.5182183E+03     20 3.5E+04
   175      1  1.0E+00    218 (1.4E-07) 3.8E-04  5.5182072E+03     20 3.5E+04
   176      1  1.0E+00    219 (1.1E-07) 3.7E-04  5.5181966E+03     20 3.5E+04
   177      1  1.0E+00    220 (1.6E-07) 3.3E-04  5.5181795E+03     20 3.5E+04
   178      1  1.0E+00    221 (2.3E-07) 3.2E-04  5.5181538E+03     20 3.5E+04
   179      1  1.0E+00    222 (3.2E-07) 3.0E-04  5.5181271E+03     20 3.5E+04

 Major Minors     Step   nCon Feasible  Optimal  MeritFunction     nS Penalty
   180      1  1.0E+00    223 (2.7E-07) 2.9E-04  5.5181119E+03     20 3.5E+04
   181      1  1.0E+00    224 (9.8E-08) 2.9E-04  5.5181057E+03     20 3.5E+04
   182      1  1.0E+00    225 (4.4E-08) 2.9E-04  5.5181009E+03     20 3.5E+04
   183      1  1.0E+00    226 (6.1E-08) 2.9E-04  5.5180935E+03     20 3.5E+04
   184      1  1.0E+00    227 (7.6E-08) 2.9E-04  5.5180844E+03     20 3.5E+04
   185      1  1.0E+00    228 (8.3E-08) 2.8E-04  5.5180770E+03     20 3.5E+04
   186      1  1.0E+00    229 (5.2E-08) 2.8E-04  5.5180733E+03     20 3.5E+04
   187      1  1.0E+00    230 (2.2E-08) 2.8E-04  5.5180711E+03     20 3.5E+04
   188      1  1.0E+00    231 (2.9E-08) 2.7E-04  5.5180679E+03     20 3.5E+04
   189      1  1.0E+00    232 (5.6E-08) 2.6E-04  5.5180623E+03     20 3.5E+04

 Major Minors     Step   nCon Feasible  Optimal  MeritFunction     nS Penalty
   190      1  1.0E+00    233 (9.8E-08) 2.5E-04  5.5180538E+03     20 3.5E+04
   191      1  1.0E+00    234 (1.2E-07) 2.4E-04  5.5180432E+03     20 3.5E+04
   192      1  1.0E+00    235 (1.0E-07) 2.2E-04  5.5180330E+03     20 3.5E+04
   193      1  1.0E+00    236 (9.4E-08) 2.0E-04  5.5180260E+03     20 3.5E+04
   194      1  1.0E+00    237 (6.6E-08) 2.0E-04  5.5180228E+03     20 3.5E+04
   195      1  1.0E+00    238 (2.5E-08) 2.0E-04  5.5180218E+03     20 3.5E+04
   196      1  1.0E+00    239 (5.9E-09) 2.0E-04  5.5180213E+03     20 3.5E+04
   197      1  1.0E+00    240 (4.5E-09) 1.9E-04  5.5180207E+03     20 3.5E+04
   198      1  1.0E+00    241 (9.7E-09) 1.9E-04  5.5180194E+03     20 3.5E+04
   199      1  1.0E+00    242 (2.1E-08) 1.8E-04  5.5180163E+03     20 3.5E+04

 Major Minors     Step   nCon Feasible  Optimal  MeritFunction     nS Penalty
   200      1  1.0E+00    243 (4.7E-08) 1.5E-04  5.5180097E+03     20 3.5E+04
   201      1  1.0E+00    244 (9.9E-08) 1.2E-04  5.5179985E+03     20 3.5E+04
   202      1  1.0E+00    245 (1.6E-07) 8.4E-05  5.5179875E+03     20 3.5E+04
   203      1  1.0E+00    246 (1.0E-07) 8.2E-05  5.5179826E+03     20 3.5E+04
   204      1  1.0E+00    247 (1.7E-08) 7.3E-05  5.5179818E+03     20 3.5E+04
   205      1  1.0E+00    248 (1.1E-09) 6.9E-05  5.5179816E+03     20 3.5E+04
   206      1  1.0E+00    249 (9.6E-10) 6.4E-05  5.5179815E+03     20 3.5E+04
   207      1  1.0E+00    250 (2.1E-09) 5.9E-05  5.5179811E+03     20 3.5E+04
   208      1  1.0E+00    251 (2.8E-09) 5.4E-05  5.5179806E+03     20 3.5E+04
   209      1  1.0E+00    252 (3.6E-09) 5.4E-05  5.5179801E+03     20 3.5E+04

 Major Minors     Step   nCon Feasible  Optimal  MeritFunction     nS Penalty
   210      1  1.0E+00    253 (2.8E-09) 5.8E-05  5.5179798E+03     20 3.5E+04
   211      1  1.0E+00    254 (1.5E-09) 6.1E-05  5.5179796E+03     20 3.5E+04
   212      1  1.0E+00    255 (2.2E-09) 6.2E-05  5.5179793E+03     20 3.5E+04
   213      1  1.0E+00    256 (4.7E-09) 5.8E-05  5.5179787E+03     20 3.5E+04
   214      1  1.0E+00    257 (8.3E-09) 4.2E-05  5.5179776E+03     20 3.5E+04
   215      1  1.0E+00    258 (9.1E-09) 1.7E-05  5.5179767E+03     20 3.5E+04
   216      1  1.0E+00    259 (5.1E-09) 1.0E-05  5.5179763E+03     20 3.5E+04
   217      1  1.0E+00    260 (9.6E-10) 6.8E-06  5.5179762E+03     20 3.5E+04
   218      1  1.0E+00    261 (5.3E-11) 5.9E-06  5.5179762E+03     20 3.5E+04
   219      1  1.0E+00    262 (2.6E-11) 5.3E-06  5.5179762E+03     20 3.5E+04

 Major Minors     Step   nCon Feasible  Optimal  MeritFunction     nS Penalty
   220      1  1.0E+00    263 (1.1E-10) 4.0E-06  5.5179762E+03     20 3.5E+04
   221      1  1.0E+00    264 (2.3E-10) 2.1E-06  5.5179762E+03     20 3.5E+04
   222      1  1.0E+00    265 (6.4E-10) 3.8E-06  5.5179760E+03     20 3.5E+04
   223      1  1.0E+00    266 (1.6E-09) 8.9E-06  5.5179757E+03     20 3.5E+04
   224      1  1.0E+00    267 (3.8E-09) 1.8E-05  5.5179750E+03     20 3.5E+04
   225      1  1.0E+00    268 (7.8E-09) 3.1E-05  5.5179732E+03     20 3.5E+04
   226      1  1.0E+00    269 (1.1E-08) 4.5E-05  5.5179694E+03     20 3.5E+04
   227      1  1.0E+00    270 (6.4E-09) 4.9E-05  5.5179635E+03     20 3.5E+04
   228      1  1.0E+00    271 (1.7E-08) 3.2E-05  5.5179583E+03     20 3.5E+04
   229      1  1.0E+00    272 (2.2E-08) 9.8E-06  5.5179564E+03     20 3.5E+04

 Major Minors     Step   nCon Feasible  Optimal  MeritFunction     nS Penalty
   230      1  1.0E+00    273 (3.4E-09) 9.1E-07  5.5179561E+03     20 3.5E+04
   231      1  1.0E+00    274 (4.8E-11) 1.7E-07  5.5179561E+03     20 3.5E+04
   232      1  1.0E+00    275 (5.1E-13) 1.7E-07  5.5179561E+03     20 3.5E+04
   233      1  1.0E+00    276 (4.5E-12) 1.6E-07  5.5179561E+03     20 3.5E+04
   234      1  1.0E+00    277 (7.7E-12) 1.6E-07  5.5179561E+03     20 3.5E+04
   235      1  1.0E+00    278 (2.4E-11) 1.7E-07  5.5179561E+03     20 3.5E+04
   236      1  1.0E+00    279 (5.9E-11) 3.3E-07  5.5179560E+03     20 3.5E+04
   237      1  1.0E+00    280 (1.6E-10) 6.8E-07  5.5179557E+03     20 3.5E+04
   238      1  1.0E+00    281 (4.2E-10) 1.2E-06  5.5179551E+03     20 3.5E+04
   239      1  1.0E+00    282 (1.1E-09) 2.1E-06  5.5179535E+03     20 3.5E+04

 Major Minors     Step   nCon Feasible  Optimal  MeritFunction     nS Penalty
   240      1  1.0E+00    283 (3.0E-09) 3.4E-06  5.5179493E+03     20 3.5E+04
   241      1  1.0E+00    284 (8.0E-09) 5.2E-06  5.5179397E+03     20 3.5E+04
   242      1  1.0E+00    285 (1.9E-08) 7.0E-06  5.5179203E+03     20 3.5E+04
   243      1  1.0E+00    286 (3.9E-08) 7.3E-06  5.5178929E+03     20 3.5E+04
   244      1  1.0E+00    287 (2.6E-08) 4.7E-06  5.5178724E+03     20 3.5E+04
   245      1  1.0E+00    288 (7.9E-09) 1.4E-06  5.5178665E+03     20 3.5E+04
   246      1  1.0E+00    289 (9.1E-10) 1.3E-07  5.5178659E+03     20 3.5E+04
   247      1  1.0E+00    290 (3.7E-11)(3.1E-08) 5.5178659E+03     20 3.5E+04

 SNOPTC EXIT   0 -- finished successfully
 SNOPTC INFO   1 -- optimality conditions satisfied

 Problem name                 Optimiza
 No. of iterations                1078   Objective            5.5178659076E+03
 No. of major iterations           247   Linear    obj. term  0.0000000000E+00
 Penalty parameter           3.468E+04   Nonlinear obj. term  5.5178659076E+03
 User function calls (total)       712   Calls with modes 1,2 (known g)    290
 No. of superbasics                 20   No. of basic nonlinears             2
 No. of degenerate steps             0   Percentage                       0.00
 Max x                      25 9.7E+01   Max pi                      2 5.6E+03
 Max Primal infeas          26 3.6E-09   Max Dual infeas            16 1.2E-03
 Nonlinear constraint violn    3.6E-09



 Solution printed on file  18

 Time for MPS input                             0.00 seconds
 Time for solving problem                    5930.31 seconds
 Time for solution output                       0.00 seconds
 Time for constraint functions               5930.28 seconds
 Time for objective function                    0.00 seconds
