
 ==============================
 S N O P T  7.7.7    (Feb 2021)
 ==============================

 SNMEMB EXIT 100 -- finished successfully
 SNMEMB INFO 104 -- memory requirements estimated

 ==============================
 S N O P T  7.7.7    (Feb 2021)
 ==============================



 Nonlinear constraints       4     Linear constraints       0
 Nonlinear variables        29     Linear variables         0
 Jacobian  variables        29     Objective variables     29
 Total constraints           4     Total variables         29



 The user has defined     116   out of     116   constraint gradients.
 The user has defined      29   out of      29   objective  gradients.


 Major Minors     Step   nCon Feasible  Optimal  MeritFunction     nS Penalty
     0     32               1  1.4E-01  2.4E+00  1.5341194E+02     19           r
     1      3  4.1E-02      2  1.4E-01  2.3E+00  1.4666888E+06     19 6.8E+04   rl
     2      6  4.5E-02      4  1.3E-01  2.3E+00  1.4234781E+06     22 6.8E+04 sM l
     3      8  1.0E+00      6  1.1E-02  5.9E-02 -4.5190067E+03     25 2.6E+02  M
     3      3               6  1.1E-02  3.1E-01 -4.5626867E+03     27          MR
     3      3               6  1.1E-02  5.9E-02 -4.5626867E+03     25          Mr
     4      4  1.0E+00      7  2.8E-04  1.2E+00  1.0192695E+02     22 2.8E+04 s
     5      6  2.6E-01      8  1.4E-02  3.9E-01  8.7854071E+01     23 1.8E+02
     6     59  7.5E-02      9  1.1E-02  2.9E+00  8.5444576E+01     24 2.2E+01
     7      4  1.0E+00     11  1.6E-02  1.4E+00  4.7059139E+01     23 7.7E+00  m
     8      1  2.7E-01     13  1.1E-02  9.8E-01  5.4358366E+01     23 3.4E+01  m
     9      4  4.5E-01     14  5.3E-03  4.4E-02  5.4857042E+01     24 4.0E+01

 Major Minors     Step   nCon Feasible  Optimal  MeritFunction     nS Penalty
    10      1  1.3E-01     15  4.6E-03  7.1E-02  5.4526883E+01     24 4.0E+01
    11      1  2.0E-03     16  4.6E-03  3.3E-01  5.3831638E+01     24 1.6E+01
    12      1  9.5E-03     17  4.5E-03  1.9E-01  5.3831969E+01     24 1.6E+01
    13      1  1.4E-02     18  4.5E-03  7.9E-02  5.3817420E+01     24 1.6E+01
    14      3  1.3E-01     19  4.0E-03  4.7E-01  5.3670262E+01     22 1.6E+01
    15      4  1.0E+00     21  5.1E-03  2.9E-01  5.0822612E+01     21 1.6E+01  m
    16      2  1.0E+00     22  3.9E-04  4.0E-01  5.0334012E+01     22 3.6E+01
    17      4  1.0E+00     23  2.0E-04  2.0E-02  5.0231859E+01     21 4.6E+02
    18      5  1.0E+00     24  8.5E-04  2.3E-01  4.9785899E+01     21 8.9E+01
    19      1  1.0E+00     25  1.7E-04  1.4E-02  4.9650984E+01     21 8.9E+01

 Major Minors     Step   nCon Feasible  Optimal  MeritFunction     nS Penalty
    20      3  5.4E-01     27  8.2E-05  6.9E-02  4.9632340E+01     21 8.9E+01  m
    21      3  5.2E-02     29  8.0E-05  7.6E-02  4.9629789E+01     21 8.9E+01  m
    22      4  2.6E-02     30  7.9E-05  1.3E-02  4.9592442E+01     22 8.9E+01
    23      2  1.0E+00     31  2.7E-04  9.4E-02  4.9403752E+01     21 8.9E+01
    24      6  1.9E-01     33  2.6E-04  4.0E-01  4.9358230E+01     20 8.9E+01  m
    25      5  2.7E-03     35  2.7E-04  3.3E-02  4.9353624E+01     20 8.9E+01  m
    26      2  4.2E-03     36  2.7E-04  4.2E-02  4.9353239E+01     21 8.9E+01
    27      2  3.0E-01     37  1.4E-04  6.0E-02  4.9324574E+01     20 8.9E+01
    28      1  1.4E-02     38  1.3E-04  7.1E-02  4.9322957E+01     20 8.9E+01
    29      1  4.7E-02     39  5.0E-05  1.4E-01  4.9304733E+01     20 8.9E+01

 Major Minors     Step   nCon Feasible  Optimal  MeritFunction     nS Penalty
    30      1  1.4E-02     40  4.9E-05  1.7E-01  4.9298110E+01     20 8.9E+01
    31      1  5.5E-02     41  1.2E-04  1.6E-01  4.9285892E+01     20 8.9E+01
    32      3  7.5E-02     42  2.5E-04  5.0E-02  4.9268756E+01     20 8.9E+01
    33      4  2.1E-03     43  2.6E-04  2.1E-01  4.9267870E+01     21 8.9E+01
    34      2  2.5E-03     44  2.6E-04  1.5E-01  4.9267098E+01     20 8.9E+01
    35      1  8.4E-04     45  2.6E-04  1.5E-01  4.9266878E+01     20 8.9E+01
    36      1  1.1E-03     46  2.6E-04  1.5E-01  4.9266568E+01     20 8.9E+01
    37      1  1.5E-02     47  2.8E-04  1.5E-01  4.9262235E+01     20 8.9E+01
    38      1  3.3E-02     48  3.2E-04  1.5E-01  4.9253231E+01     20 8.9E+01
    39      1  4.7E-02     49  3.6E-04  1.7E-01  4.9242225E+01     20 8.9E+01

 Major Minors     Step   nCon Feasible  Optimal  MeritFunction     nS Penalty
    40      2  6.1E-02     50  4.1E-04  1.9E-01  4.9228337E+01     21 8.9E+01
    41      2  4.6E-02     51  4.3E-04  1.8E-01  4.9217785E+01     20 8.9E+01
    42      1  1.4E-01     52  4.7E-04  2.1E-01  4.9194970E+01     20 8.9E+01
    43      1  2.2E-01     53  4.7E-04  2.2E-01  4.9168318E+01     20 8.9E+01
    44      1  1.1E-01     54  4.3E-04  2.2E-01  4.9154632E+01     20 8.9E+01
    45      1  1.2E-01     55  4.0E-04  2.0E-01  4.9141964E+01     20 8.9E+01
    46      1  2.6E-01     56  3.3E-04  2.0E-01  4.9118176E+01     20 8.9E+01
    47      1  1.0E+00     57  2.3E-04  1.7E-01  4.9089845E+01     20 8.9E+01
    48      2  1.0E+00     58  2.9E-04  1.8E-01  4.9032609E+01     21 8.9E+01
    49      1  2.3E-03     59  1.1E-04  1.1E-01  4.9030802E+01     21 8.9E+01

 Major Minors     Step   nCon Feasible  Optimal  MeritFunction     nS Penalty
    50      2  1.0E+00     60  8.4E-04  1.4E-01  4.9013495E+01     20 8.9E+01
    51      1  1.0E+00     61  4.1E-04  1.6E-02  4.8897562E+01     20 8.9E+01
    52      2  1.0E+00     62  2.2E-04  1.3E-01  4.8775150E+01     21 8.9E+01
    53      2  1.6E-01     63  1.8E-04  4.9E-02  4.8791510E+01     20 3.2E+02
    54      1  1.0E+00     64  4.0E-04  6.2E-02  4.8780431E+01     20 1.5E+02
    55      1  1.0E+00     65  1.9E-04  8.1E-02  4.8690616E+01     20 1.5E+02
    55      4              65  1.9E-04  4.8E-03  4.8680702E+01     21           R
    56      2  1.0E+00     66  1.1E-05  6.3E-03  4.8724014E+01     20 7.2E+02 s
    57      1  1.0E+00     67  2.1E-05  1.3E-02  4.8570785E+01     20 2.7E+01
    58      2  1.0E+00     68  8.0E-04  1.4E-01  4.8113520E+01     21 9.2E+00
    59      2  3.7E-02     69  8.1E-04  3.5E-02  4.8211607E+01     20 9.4E+01

 Major Minors     Step   nCon Feasible  Optimal  MeritFunction     nS Penalty
    60      2  7.7E-09     70  8.1E-04  4.0E-02  4.8211607E+01     21 9.4E+01
    61      4  2.2E-01     71  3.5E-03  5.1E-02  4.8103807E+01     22 2.0E+01
    62      2  2.4E-02     72  3.0E-03  1.5E-01  4.8093117E+01     21 2.0E+01
    63      1  1.3E-01     73  2.6E-03  5.3E-02  4.8095215E+01     21 2.0E+01
    64      1  7.1E-02     74  2.5E-03  9.6E-03  4.8091287E+01     21 2.0E+01
    65      2  5.5E-02     75  2.3E-03  4.2E-02  4.8086207E+01     20 2.0E+01
    66      3  2.9E-02     76  2.3E-03  1.8E-01  4.8082717E+01     22 2.0E+01
    67      3  1.0E+00     77  9.3E-04  1.5E-01  4.8082456E+01     20 2.0E+01
    68      1  2.8E-01     78  6.6E-04  3.5E-02  4.8056398E+01     20 2.0E+01
    69      1  2.4E-01     79  5.1E-04  2.3E-02  4.8036620E+01     20 2.0E+01

 Major Minors     Step   nCon Feasible  Optimal  MeritFunction     nS Penalty
    70      5  2.0E-01     80  5.6E-04  6.7E-02  4.8022673E+01     20 2.0E+01
    71      3  1.0E+00     81  4.8E-04  4.0E-02  4.7994306E+01     20 2.0E+01
    72      2  1.0E+00     82  1.4E-04  2.4E-02  4.7969515E+01     19 2.0E+01
    73      2  1.0E+00     83  4.0E-04  1.8E-02  4.7924537E+01     20 2.0E+01
    74      1  3.7E-01     84  2.5E-04  1.2E-02  4.7927792E+01     20 3.5E+01
    75      1  3.2E-01     85  1.6E-04  1.3E-02  4.7926702E+01     20 3.5E+01
    76      2  1.4E-01     86  1.4E-04  1.4E-02  4.7926636E+01     19 3.5E+01
    77      1  3.8E-01     87  7.2E-05  5.0E-03  4.7926327E+01     19 3.5E+01
    78      1  1.0E+00     88 (4.6E-07) 1.0E-02  4.7923881E+01     19 3.5E+01
    79      1  1.0E+00     89  6.7E-05  7.6E-03  4.7912597E+01     19 3.5E+01

 Major Minors     Step   nCon Feasible  Optimal  MeritFunction     nS Penalty
    80      1  1.0E+00     90  5.3E-05  6.6E-03  4.7903922E+01     19 3.5E+01
    81      1  1.0E+00     91 (2.5E-06) 9.0E-03  4.7901428E+01     19 3.5E+01
    82      1  1.0E+00     92  1.1E-05  8.4E-03  4.7895780E+01     19 3.5E+01
    83      1  1.0E+00     93  3.3E-05  7.2E-03  4.7894896E+01     19 3.5E+01
    84      1  4.2E-01     94  2.8E-05  1.0E-02  4.7894823E+01     19 3.5E+01
    84      1              94  2.8E-05  4.6E-03  4.7894764E+01     19           R
    85      2  1.0E+00     95 (2.7E-06) 3.6E-03  4.7893363E+01     18 7.9E+01 s
    85      2              95 (2.7E-06) 3.9E-03  4.7893362E+01     19         s R
    85      3              95 (2.7E-06) 1.2E-03  4.7893362E+01     19         s r
    86      7  3.4E-05     96  1.1E-05  2.8E-03  4.7893308E+01     21         s
    87      1  2.9E-04     97  1.1E-05  3.7E-03  4.7893555E+01     21 9.1E+02
    88      3  3.6E-02     98  1.1E-05  3.4E-03  4.7893557E+01     20 9.2E+02
    89      1  1.0E+00     99 (1.8E-06) 2.5E-03  4.7893557E+01     20 9.2E+02

 Major Minors     Step   nCon Feasible  Optimal  MeritFunction     nS Penalty
    90      1  4.4E-02    100 (1.8E-06) 2.6E-03  4.7893548E+01     20 3.1E+01
    91      1  7.3E-02    101 (2.3E-06) 2.0E-03  4.7893543E+01     20 1.1E+01
    92      1  8.8E-02    102 (2.9E-06) 1.2E-03  4.7893537E+01     20 1.1E+01
    93      1  1.2E-01    103 (4.0E-06) 2.2E-04  4.7893530E+01     20 1.1E+01
    94      1  1.6E-01    104 (5.9E-06) 1.6E-03  4.7893520E+01     20 1.1E+01
    95      1  2.3E-01    105 (9.2E-06) 4.0E-03  4.7893508E+01     20 1.1E+01
    96      2  3.1E-01    106  1.5E-05  7.3E-03  4.7893491E+01     19 1.1E+01
    97      1  4.7E-01    107  2.4E-05  1.5E-02  4.7893466E+01     19 1.1E+01
    98      1  1.0E+00    108 (3.5E-07) 2.1E-02  4.7893430E+01     19 1.1E+01
    99      1  1.0E+00    109  5.5E-05  4.7E-03  4.7893427E+01     19 1.1E+01

 Major Minors     Step   nCon Feasible  Optimal  MeritFunction     nS Penalty
   100      1  1.0E+00    110 (4.9E-06) 1.0E-03  4.7893351E+01     19 1.1E+01

 Major Minors     Step   nCon Feasible  Optimal  MeritFunction     nS Penalty
   100      4             110 (4.9E-06) 1.7E-03  4.7893351E+01     20           R
   101      2  1.0E+00    111 (2.7E-07) 2.0E-03  4.7893363E+01     19 2.9E+02 s
   102      1  1.0E+00    112 (1.9E-06) 5.9E-04  4.7893362E+01     19 1.7E+01
   102      1             112 (1.9E-06) 9.0E-04  4.7893362E+01     19           R
   103      1  1.0E+00    113 (6.1E-08) 3.5E-03  4.7893355E+01     19         s
   103      1             113 (6.1E-08) 5.7E-04  4.7893355E+01     19         s R
   103      1             113 (6.1E-08) 4.5E-05  4.7893355E+01     19         s r
   104      1  7.0E-04    114 (7.8E-07) 2.5E-04  4.7893354E+01     19         s
   105      1  1.0E+00    115 (9.2E-09) 6.4E-04  4.7893353E+01     19
   106      1  1.0E+00    116 (6.2E-08) 6.6E-04  4.7893349E+01     19
   107      2  2.6E-01    117  1.2E-04  5.3E-02  4.7893148E+01     20
   108      1  1.0E+00    118  2.3E-05  2.0E-02  4.7894811E+01     20 6.1E+01
   109      1  1.0E+00    119  1.3E-05  2.7E-02  4.7893971E+01     20 7.8E+00
   109      2             119  1.3E-05  2.6E-01  4.7893971E+01     21           R

 Major Minors     Step   nCon Feasible  Optimal  MeritFunction     nS Penalty
   110      1  2.3E-01    120  6.1E-05  9.6E-02  4.7914733E+01     21 6.8E+04 s
   111      1  2.0E-01    121  9.5E-05  2.7E-02  4.7899086E+01     21 2.8E+02
   112      1  1.0E+00    122  2.2E-05  1.5E-02  4.7892744E+01     21 2.6E+01
   112      4             122  2.2E-05  2.5E-03  4.7892732E+01     22           R
   113      4  1.0E+00    123 (4.3E-07) 8.6E-03  4.7893839E+01     19 1.1E+03 s
   114      1  6.6E-03    124 (5.0E-07) 1.2E-02  4.7893832E+01     19 3.3E+01
   115      1  4.0E-02    125 (1.7E-06) 1.0E-02  4.7893779E+01     19 9.5E+00
   116      1  9.4E-02    126  1.1E-05  4.8E-03  4.7893662E+01     19 6.5E+00
   117      1  7.3E-02    127  1.1E-05  1.2E-03  4.7893645E+01     19 6.5E+00
   117      2             127  1.1E-05  6.0E-05  4.7893643E+01     20           R
   117      2             127  1.1E-05  2.2E-05  4.7893643E+01     19           r
   118      2  2.6E-04    128  1.1E-05  8.3E-04  4.7893643E+01     20         s
   119      2  1.0E+00    129 (4.3E-06) 7.1E-04  4.7894662E+01     19 3.4E+03

 Major Minors     Step   nCon Feasible  Optimal  MeritFunction     nS Penalty
   120      1  1.0E+00    130 (3.6E-06) 8.2E-04  4.7893870E+01     19 6.9E+01

 Major Minors     Step   nCon Feasible  Optimal  MeritFunction     nS Penalty
   120      2             130 (3.6E-06) 9.1E-03  4.7893869E+01     20           R
   121      2  1.0E+00    131  2.8E-05  1.1E-02  4.7894247E+01     19 2.0E+04 s
   122      1  1.0E+00    132 (4.4E-06) 5.2E-03  4.7893934E+01     19 3.0E+02
   123      1  4.0E-01    133 (5.8E-06) 1.1E-03  4.7893919E+01     19 2.9E+01
   123      1             133 (5.8E-06) 8.1E-04  4.7893917E+01     19           R
   124      2  1.0E+00    134 (3.8E-08) 2.7E-03  4.7893900E+01     18         s
   124      2             134 (3.8E-08) 6.3E-04  4.7893900E+01     19         s R
   124      1             134 (3.8E-08) 3.8E-05  4.7893900E+01     19         s r
   125      2  1.0E+00    136  5.8E-03  1.2E-02  4.7855735E+01     18         sm
   126      1  2.9E-02    137  5.9E-03  3.0E-02  4.7854323E+01     18
   126      2             137  5.9E-03  4.9E-02  4.7854323E+01     19           R
   126      7             137  5.9E-03  1.0E-02  4.7854323E+01     19           r
   127     43  1.0E+00    138  7.2E-02  2.6E-01  4.3464272E+01     19         s
   128      4  1.0E+00    139  3.5E-03  1.8E-03  4.6592983E+01     20 1.4E-03
   129      3  2.2E-01    140  2.7E-03  6.1E-02  4.6548131E+01     20 1.7E-01

 Major Minors     Step   nCon Feasible  Optimal  MeritFunction     nS Penalty
   130      2  7.3E-02    141  2.6E-03  5.0E-02  4.6721761E+01     21 1.1E+01

 Major Minors     Step   nCon Feasible  Optimal  MeritFunction     nS Penalty
   130      1             141  2.6E-03  5.6E-02  4.6577192E+01     21           R
   131      1  1.0E+00    142  6.2E-04  1.7E-03  4.6868555E+01     21 2.8E+01 s
   132      1  1.0E+00    143  2.5E-04  2.3E-03  4.6474726E+01     21 5.3E+00
   133      2  1.0E+00    144  1.1E-03  7.9E-02  4.6153108E+01     20 5.3E+00
   134      1  4.8E-01    145  6.1E-04  5.9E-02  4.6069404E+01     20 5.3E+00
   135      1  1.0E+00    146  3.8E-04  1.1E-01  4.5925737E+01     20 5.3E+00
   136      1  1.0E+00    147  4.2E-04  3.0E-03  4.5752593E+01     20 5.3E+00
   137      1  1.0E+00    148  7.3E-04  4.8E-03  4.5503201E+01     20 5.3E+00
   137      2             148  7.3E-04  3.4E-03  4.5496338E+01     21           R
   138      2  2.8E-01    149  4.2E-04  6.4E-03  4.5548578E+01     20 4.2E+01 s
   138      2             149  4.2E-04  2.3E-03  4.5530894E+01     21         s R
   138      2             149  4.2E-04  2.9E-03  4.5530894E+01     20         s r
   139      1  1.4E-01    150  3.4E-04  2.0E-02  4.5530881E+01     20         s
   139      1             150  3.4E-04  2.2E-03  4.5530881E+01     20         s R
   139      1             150  3.4E-04  2.4E-03  4.5530881E+01     20         s r

 SNOPTC EXIT  40 -- terminated after numerical difficulties
 SNOPTC INFO  41 -- current point cannot be improved

 Problem name                 Optimiza
 No. of iterations                 450   Objective            4.5436730466E+01
 No. of major iterations           139   Linear    obj. term  0.0000000000E+00
 Penalty parameter           0.000E+00   Nonlinear obj. term  4.5436730466E+01
 User function calls (total)       705   Calls with modes 1,2 (known g)    150
 No. of superbasics                 20   No. of basic nonlinears             4
 No. of degenerate steps             2   Percentage                       0.44
 Max x                       2 6.9E+01   Max pi                      2 4.4E+01
 Max Primal infeas          30 2.4E-02   Max Dual infeas            32 6.5E+00
 Nonlinear constraint violn    2.4E-02



 Solution printed on file  18

 Time for MPS input                             0.00 seconds
 Time for solving problem                    3111.31 seconds
 Time for solution output                       0.00 seconds
 Time for constraint functions               3111.28 seconds
 Time for objective function                    0.00 seconds
