
 ==============================
 S N O P T  7.7.7    (Feb 2021)
 ==============================

 SNMEMB EXIT 100 -- finished successfully
 SNMEMB INFO 104 -- memory requirements estimated

 ==============================
 S N O P T  7.7.7    (Feb 2021)
 ==============================



 Nonlinear constraints     154     Linear constraints       0
 Nonlinear variables        30     Linear variables         0
 Jacobian  variables        30     Objective variables     30
 Total constraints         154     Total variables         30



 The user has defined    4620   out of    4620   constraint gradients.
 The user has defined      30   out of      30   objective  gradients.


 Major Minors     Step   nCon Feasible  Optimal  MeritFunction     nS Penalty
     0     23               1  4.8E-01  5.8E-01  1.5975425E+06      3           r
     1     21  1.5E-01      2  3.2E-01  1.5E-01  6.6735343E+05      3           rl
     2     30  2.7E-01      3  2.0E-01  1.5E-02  6.5727074E+05     23         s  l
     3      1  1.2E-01      4  2.0E-01  2.0E-02  6.4054808E+05     23
     4      4  1.0E+00      5  7.3E-01  6.8E-01  6.0858540E+05     20
     5      7  2.7E-01      6  6.3E-01  2.0E-01  5.7946375E+05     22
     6      5  1.0E+00      7  5.7E-01  1.4E-01  5.1326339E+05     22
     7      2  3.4E-01      8  4.6E-01  9.4E-02  5.1202589E+05     21
     8      1  1.9E-01      9  3.8E-01  5.2E-01  5.1121664E+05     21
     9      5  4.5E-01     10  2.5E-01  3.4E-01  5.6361852E+05     21 7.6E+05

 Major Minors     Step   nCon Feasible  Optimal  MeritFunction     nS Penalty
    10      5  6.7E-02     11  2.4E-01  3.3E-01  5.6221086E+05     22 7.6E+05
    11      2  1.0E+00     12  4.5E-02  6.0E-02  5.6162241E+05     23 8.4E+05
    12      2  1.0E+00     13  1.0E-01  5.6E-02  5.5926704E+05     22 2.0E+03
    13      3  1.0E+00     14  1.4E-01  4.0E-02  5.5142703E+05     21 1.4E+02
    14      3  1.0E+00     15  9.9E-02  9.5E-02  5.4025298E+05     22 4.1E+01
    15      4  3.2E-01     16  7.8E-02  2.9E-01  5.4419358E+05     19 8.9E+05
    16      2  1.0E+00     17  1.9E-02  1.4E-02  5.4057770E+05     20 1.7E+06
    17      3  1.0E+00     18  2.3E-03  8.6E-03  5.3832611E+05     22 5.2E+03
    18      1  1.0E+00     19  2.7E-03  1.0E-02  5.3741387E+05     22 4.3E+02
    19      3  1.0E+00     20  7.4E-02  3.3E-02  5.3738085E+05     21 1.7E+02

 Major Minors     Step   nCon Feasible  Optimal  MeritFunction     nS Penalty
    20      1  1.0E+00     21  1.6E-02  1.5E-02  5.3460455E+05     21 1.7E+02
    21      1  1.0E+00     22  3.3E-03  7.0E-03  5.3452094E+05     21 3.7E+06
    22      2  1.0E+00     23  9.7E-03  1.0E-02  5.3357884E+05     20 1.6E+04
    23      2  1.0E+00     24  1.3E-03  3.0E-03  5.3323313E+05     21 1.6E+03
    24      2  1.0E+00     25  1.5E-03  3.1E-03  5.3298797E+05     20 5.3E+02
    25      1  1.0E+00     26  1.2E-03  2.6E-03  5.3280487E+05     20 5.3E+02
    26      1  1.0E+00     27  9.5E-04  2.6E-03  5.3260407E+05     20 5.3E+02
    27      1  1.0E+00     28  3.7E-04  1.9E-03  5.3237985E+05     20 5.3E+02
    28      1  1.0E+00     29  4.0E-03  2.2E-03  5.3210749E+05     20 5.3E+02
    29      1  1.0E+00     30  2.7E-03  2.3E-03  5.3197201E+05     20 5.3E+02

 Major Minors     Step   nCon Feasible  Optimal  MeritFunction     nS Penalty
    30      1  1.0E+00     31  8.3E-04  2.2E-03  5.3184504E+05     20 5.3E+02
    31      1  1.0E+00     32  4.1E-03  1.2E-03  5.3165274E+05     20 5.3E+02
    32      1  1.0E+00     33  8.3E-04  1.9E-03  5.3158310E+05     20 5.3E+02
    33      1  1.0E+00     34  1.4E-04  1.1E-03  5.3153252E+05     20 5.3E+02
    34      1  1.0E+00     35  4.3E-04  7.8E-04  5.3146235E+05     20 5.3E+02
    35      1  1.0E+00     36  1.8E-04  7.6E-04  5.3144616E+05     20 5.3E+02
    36      1  1.0E+00     37  3.8E-04  6.4E-04  5.3142662E+05     20 5.3E+02
    37      1  1.0E+00     38  4.5E-05  6.0E-04  5.3142012E+05     20 5.3E+02
    38      1  1.0E+00     39  2.3E-05  6.0E-04  5.3141532E+05     20 5.3E+02
    39      1  1.0E+00     40  3.7E-05  5.5E-04  5.3141175E+05     20 5.3E+02

 Major Minors     Step   nCon Feasible  Optimal  MeritFunction     nS Penalty
    40      1  1.0E+00     41  5.1E-05  4.9E-04  5.3140842E+05     20 5.3E+02
    41      1  1.0E+00     42  3.1E-05  4.4E-04  5.3140559E+05     20 5.3E+02
    42      1  1.0E+00     43  1.9E-05  4.0E-04  5.3140273E+05     20 5.3E+02
    43      1  1.0E+00     44  1.2E-05  3.6E-04  5.3139980E+05     20 5.3E+02
    44      1  1.0E+00     45  1.1E-05  3.3E-04  5.3139658E+05     20 5.3E+02
    45      1  1.0E+00     46  1.3E-05  3.4E-04  5.3139293E+05     20 5.3E+02
    46      1  1.0E+00     47  2.2E-05  3.8E-04  5.3138867E+05     20 5.3E+02
    47      1  1.0E+00     48  3.8E-05  3.5E-04  5.3138407E+05     20 5.3E+02
    48      1  1.0E+00     49  4.8E-05  3.3E-04  5.3137948E+05     20 5.3E+02
    49      1  1.0E+00     50  4.5E-05  3.2E-04  5.3137510E+05     20 5.3E+02

 Major Minors     Step   nCon Feasible  Optimal  MeritFunction     nS Penalty
    50      1  1.0E+00     51  3.3E-05  2.6E-04  5.3137118E+05     20 5.3E+02
    51      1  1.0E+00     52  1.6E-05  1.9E-04  5.3136838E+05     20 5.3E+02
    52      1  1.0E+00     53 (4.9E-06) 1.4E-04  5.3136706E+05     20 5.3E+02
    53      1  1.0E+00     54 (1.3E-06) 1.2E-04  5.3136662E+05     20 5.3E+02
    54      1  1.0E+00     55 (4.1E-07) 1.2E-04  5.3136641E+05     20 5.3E+02
    55      1  1.0E+00     56 (4.3E-07) 1.0E-04  5.3136616E+05     20 5.3E+02
    56      1  1.0E+00     57 (9.0E-07) 7.1E-05  5.3136581E+05     20 5.3E+02
    57      1  1.0E+00     58 (1.5E-06) 6.4E-05  5.3136542E+05     20 5.3E+02
    58      1  1.0E+00     59 (1.2E-06) 5.7E-05  5.3136511E+05     20 5.3E+02
    59      1  1.0E+00     60 (5.5E-07) 3.3E-05  5.3136490E+05     20 5.3E+02

 Major Minors     Step   nCon Feasible  Optimal  MeritFunction     nS Penalty
    60      1  1.0E+00     61 (3.4E-07) 3.2E-05  5.3136476E+05     20 5.3E+02
    61      1  1.0E+00     62 (3.6E-07) 3.2E-05  5.3136464E+05     20 5.3E+02
    62      1  1.0E+00     63 (3.2E-07) 3.2E-05  5.3136454E+05     20 5.3E+02
    63      1  1.0E+00     64 (2.6E-07) 3.2E-05  5.3136445E+05     20 5.3E+02
    64      1  1.0E+00     65 (2.8E-07) 5.1E-05  5.3136436E+05     20 5.3E+02
    65      1  1.0E+00     66 (3.4E-07) 7.5E-05  5.3136426E+05     20 5.3E+02
    66      1  1.0E+00     67 (4.1E-07) 8.0E-05  5.3136412E+05     20 5.3E+02
    67      1  1.0E+00     68 (4.8E-07) 6.3E-05  5.3136391E+05     20 5.3E+02
    68      1  1.0E+00     69 (6.4E-07) 5.9E-05  5.3136354E+05     20 5.3E+02
    69      1  1.0E+00     70 (1.1E-06) 6.4E-05  5.3136286E+05     20 5.3E+02

 Major Minors     Step   nCon Feasible  Optimal  MeritFunction     nS Penalty
    70      1  1.0E+00     71 (2.1E-06) 9.3E-05  5.3136173E+05     20 5.3E+02
    71      1  1.0E+00     72 (3.9E-06) 1.3E-04  5.3136022E+05     20 5.3E+02
    72      1  1.0E+00     73 (4.3E-06) 9.7E-05  5.3135892E+05     20 5.3E+02
    73      1  1.0E+00     74 (2.4E-06) 3.6E-05  5.3135828E+05     20 5.3E+02
    74      1  1.0E+00     75 (1.1E-06) 2.8E-05  5.3135806E+05     20 5.3E+02
    75      1  1.0E+00     76 (5.8E-07) 5.3E-05  5.3135793E+05     20 5.3E+02
    76      1  1.0E+00     77 (5.1E-07) 5.8E-05  5.3135780E+05     20 5.3E+02
    77      1  1.0E+00     78 (3.6E-07) 3.7E-05  5.3135770E+05     20 5.3E+02
    78      1  1.0E+00     79 (3.3E-07) 2.4E-05  5.3135764E+05     20 5.3E+02
    79      1  1.0E+00     80 (1.9E-07) 2.5E-05  5.3135761E+05     20 5.3E+02

 Major Minors     Step   nCon Feasible  Optimal  MeritFunction     nS Penalty
    80      1  1.0E+00     81 (1.0E-07) 2.5E-05  5.3135759E+05     20 5.3E+02
    81      1  1.0E+00     82 (1.7E-07) 2.4E-05  5.3135755E+05     20 5.3E+02
    82      1  1.0E+00     83 (3.4E-07) 2.4E-05  5.3135744E+05     20 5.3E+02
    83      1  1.0E+00     84 (6.5E-07) 3.8E-05  5.3135721E+05     20 5.3E+02
    84      1  1.0E+00     85 (1.0E-06) 5.9E-05  5.3135671E+05     20 5.3E+02
    85      1  1.0E+00     86 (1.7E-06) 7.9E-05  5.3135588E+05     20 5.3E+02
    86      1  1.0E+00     87 (4.0E-06) 8.5E-05  5.3135493E+05     20 5.3E+02
    87      1  1.0E+00     88 (4.8E-06) 9.1E-05  5.3135414E+05     20 5.3E+02
    88      1  1.0E+00     89 (3.2E-06) 1.0E-04  5.3135342E+05     20 5.3E+02
    89      1  1.0E+00     90 (3.1E-06) 1.0E-04  5.3135232E+05     20 5.3E+02

 Major Minors     Step   nCon Feasible  Optimal  MeritFunction     nS Penalty
    90      1  1.0E+00     91 (3.7E-06) 9.3E-05  5.3135036E+05     20 5.3E+02
    91      1  1.0E+00     92 (4.9E-06) 6.9E-05  5.3134770E+05     20 5.3E+02
    92      1  1.0E+00     93 (8.6E-06) 3.9E-05  5.3134575E+05     20 5.3E+02
    93      1  1.0E+00     94 (5.4E-06) 1.1E-05  5.3134520E+05     20 5.3E+02
    94      1  1.0E+00     95 (4.9E-07) 1.1E-05  5.3134514E+05     20 5.3E+02
    95      1  1.0E+00     96 (8.9E-09) 1.1E-05  5.3134514E+05     20 5.3E+02
    96      1  1.0E+00     97 (4.3E-09) 1.0E-05  5.3134514E+05     20 5.3E+02
    97      1  1.0E+00     98 (1.8E-08) 1.0E-05  5.3134512E+05     20 5.3E+02
    98      1  1.0E+00     99 (4.0E-08) 9.9E-06  5.3134509E+05     20 5.3E+02
    99      1  1.0E+00    100 (1.1E-07) 1.3E-05  5.3134501E+05     20 5.3E+02

 Major Minors     Step   nCon Feasible  Optimal  MeritFunction     nS Penalty
   100      1  1.0E+00    101 (2.6E-07) 2.7E-05  5.3134481E+05     20 5.3E+02
   101      1  1.0E+00    102 (6.0E-07) 5.0E-05  5.3134431E+05     20 5.3E+02
   102      1  1.0E+00    103 (1.1E-06) 8.4E-05  5.3134316E+05     20 5.3E+02
   103      1  1.0E+00    104 (1.7E-06) 1.2E-04  5.3134102E+05     20 5.3E+02
   104      1  1.0E+00    105 (2.6E-06) 1.1E-04  5.3133837E+05     20 5.3E+02
   105      1  1.0E+00    106 (3.7E-06) 6.1E-05  5.3133678E+05     20 5.3E+02
   106      1  1.0E+00    107 (1.5E-06) 1.6E-05  5.3133643E+05     20 5.3E+02
   107      1  1.0E+00    108 (8.2E-08) 2.8E-06  5.3133641E+05     20 5.3E+02
   108      1  1.0E+00    109 (1.1E-09) 1.0E-06  5.3133641E+05     20 5.3E+02
   109      1  1.0E+00    110 (4.1E-11) 4.6E-07  5.3133641E+05     20 5.3E+02

 Major Minors     Step   nCon Feasible  Optimal  MeritFunction     nS Penalty
   110      1  1.0E+00    111 (1.5E-11)(7.6E-08) 5.3133641E+05     20 5.3E+02

 SNOPTC EXIT   0 -- finished successfully
 SNOPTC INFO   1 -- optimality conditions satisfied

 Problem name                 Optimiza
 No. of iterations                 221   Objective            5.3133640510E+05
 No. of major iterations           110   Linear    obj. term  0.0000000000E+00
 Penalty parameter           5.289E+02   Nonlinear obj. term  5.3133640510E+05
 User function calls (total)       232   Calls with modes 1,2 (known g)    111
 No. of superbasics                 20   No. of basic nonlinears             2
 No. of degenerate steps             0   Percentage                       0.00
 Max x                      22 1.0E+00   Max pi                      2 5.4E+05
 Max Primal infeas          32 1.5E-11   Max Dual infeas            18 4.1E-01
 Nonlinear constraint violn    1.5E-11



 Solution printed on file  18

 Time for MPS input                             0.00 seconds
 Time for solving problem                    2583.48 seconds
 Time for solution output                       0.00 seconds
 Time for constraint functions               2583.45 seconds
 Time for objective function                    0.00 seconds
