
 ==============================
 S N O P T  7.7.7    (Feb 2021)
 ==============================

 SNMEMB EXIT 100 -- finished successfully
 SNMEMB INFO 104 -- memory requirements estimated

 ==============================
 S N O P T  7.7.7    (Feb 2021)
 ==============================



 Nonlinear constraints       4     Linear constraints       0
 Nonlinear variables        29     Linear variables         0
 Jacobian  variables        29     Objective variables     29
 Total constraints           4     Total variables         29



 The user has defined     116   out of     116   constraint gradients.
 The user has defined      29   out of      29   objective  gradients.


 Major Minors     Step   nCon Feasible  Optimal  MeritFunction     nS Penalty
     0     30               1  1.4E-01  2.4E+00  1.5341194E+02     11           r
     1      5  2.8E-02      2  1.4E-01  2.3E+00  3.5000022E+06     13 1.6E+05   rl
     2      9  3.1E-02      4  1.4E-01  2.3E+00  3.4101032E+06     19 1.6E+05 sM l
     3     12  1.0E+00      5  2.7E-02  1.3E+00  2.0162360E+05     10 2.0E+04
     4     17  1.0E-01      6  2.5E-02  2.2E+00  2.9823050E+05     22 6.6E+04    D
     5     35  1.0E-01      7  2.5E-02  7.2E-01  1.5587027E+05     14 6.1E+02    D
     6      6  2.5E-01      8  2.1E-02  3.1E-01  9.3751241E+04     15 8.3E+01
     7     13  1.0E+00     10  3.5E-02  2.5E-01  5.9285246E+04     23 3.1E+01
     8     10  1.0E+00     11  3.3E-02  1.1E+00  1.3356784E+02     16 3.1E+01
     9      8  1.0E+00     12  1.2E-02  1.9E-01  4.1142011E+03     15 2.2E+03

 Major Minors     Step   nCon Feasible  Optimal  MeritFunction     nS Penalty
    10      6  4.2E-01     13  5.8E-03  2.1E-01  7.9227829E+03     14 3.4E+04
    11      9  2.9E-01     14  4.2E-03  2.2E-01  6.8596586E+03     13 4.1E+04
    12      7  1.0E+00     15  1.0E-02  1.2E-01 -1.0699504E+03     19 1.0E+03
    13      8  5.4E-01     17  5.8E-03  5.8E-01 -6.4043544E+02     24 5.1E+03  M
    14      1  4.4E-01     19  3.5E-03  3.8E-01 -9.3981660E+01     24 1.4E+04  M
    15      2  4.4E-01     21  2.1E-03  2.8E-01  2.0734225E+00     23 1.9E+04  M
    16      2  4.4E-01     23  1.2E-03  2.2E-01  4.0044283E+01     24 2.5E+04  M
    17      1  4.2E-01     25  7.3E-04  1.8E-01  5.5705307E+01     24 3.1E+04  M
    18      1  3.3E-01     27  4.9E-04  1.6E-01  6.1064710E+01     24 3.5E+04  M
    19      2  1.0E+00     28  1.5E-04  2.8E-01  6.3220944E+01     25 3.8E+04

 Major Minors     Step   nCon Feasible  Optimal  MeritFunction     nS Penalty
    20      3  1.0E+00     29 (3.5E-06) 2.3E-01  6.2010350E+01     23 2.0E+03
    21      2  1.0E+00     30  2.7E-04  1.1E-01  6.1257648E+01     22 6.1E+02
    22      3  1.0E+00     31  1.7E-04  4.8E-02  6.0738620E+01     22 6.1E+02
    23      1  2.7E-01     32  4.0E-04  4.9E-02  6.0428581E+01     22 6.1E+02
    24      1  1.0E+00     33  7.2E-04  1.5E-01  6.0297780E+01     22 6.1E+02
    25      2  1.0E+00     34  3.8E-04  7.7E-02  5.9182378E+01     21 6.1E+02
    25      7              34  3.8E-04  3.7E-01  5.9050997E+01     27           R
    26      7  1.0E+00     35 (5.3E-06) 5.9E-02  5.9564244E+01     21 2.3E+03 s
    27      1  2.5E-01     36  1.1E-03  6.3E-02  5.8315880E+01     21 4.8E+01
    28      2  1.0E+00     37  7.9E-04  4.8E-02  5.6109828E+01     22 2.1E+01
    29      2  1.7E-01     38  5.6E-04  9.5E-02  5.6184852E+01     21 8.9E+01

 Major Minors     Step   nCon Feasible  Optimal  MeritFunction     nS Penalty
    30      2  1.0E+00     39  1.4E-03  3.9E-02  5.5804612E+01     20 1.9E+01
    31      1  1.0E+00     40  6.3E-04  1.1E-01  5.4697943E+01     20 1.9E+01
    31      2              40  6.3E-04  7.1E-02  5.4680286E+01     21           R
    32      2  1.0E+00     41  3.5E-04  2.3E-02  5.4865558E+01     20 2.7E+02 s
    33      2  2.7E-01     42  4.1E-04  7.2E-03  5.4530442E+01     19 1.6E+01
    34      1  2.4E-01     43  3.0E-04  5.9E-03  5.4424826E+01     19 5.7E+00
    35      1  1.0E+00     44  2.9E-04  2.3E-02  5.4228571E+01     19 5.7E+00
    36      1  2.7E-01     45  4.5E-04  1.4E-02  5.3545330E+01     19 5.7E+00
    37      1  2.3E-01     46  2.4E-04  7.2E-03  5.3382619E+01     19 5.7E+00
    38      1  5.7E-02     47  2.3E-04  4.1E-02  5.3380540E+01     19 5.7E+00
    39      2  5.1E-02     48  2.2E-04  5.5E-02  5.3379922E+01     18 5.7E+00

 Major Minors     Step   nCon Feasible  Optimal  MeritFunction     nS Penalty
    40      1  1.1E-02     49  2.2E-04  4.2E-02  5.3379890E+01     18 5.7E+00

 Major Minors     Step   nCon Feasible  Optimal  MeritFunction     nS Penalty
    40      2              49  2.2E-04  3.0E-03  5.3379831E+01     19           R
    41      1  8.5E-02     50  2.0E-04  4.4E-02  5.3379604E+01     19         s
    41      1              50  2.0E-04  3.0E-03  5.3379604E+01     19         s R
    42      1  3.2E-01     51  1.3E-04  5.9E-02  5.3375675E+01     19         s
    42      1              51  1.3E-04  2.8E-03  5.3375675E+01     19         s R
    42      1              51  1.3E-04  1.8E-03  5.3375675E+01     19         s r
    43     11  1.0E+00     53  5.6E-02  1.0E-01  5.1972057E+01     17         sm
    44     46  2.3E-05     54  5.5E-02  1.3E+01  5.1950744E+01     19            D
    44      7              54  5.5E-02  1.1E+01  5.1950744E+01     25           R
    45      1  1.0E+00     55  2.5E-02  1.3E+01  5.4323156E+01     25 4.2E-01 s
    46      2  1.0E+00     56  1.3E-02  2.7E+01  5.4768179E+01     25 1.2E+00
    47      2  4.0E-01     57  9.2E-03  8.9E+00  6.0380778E+01     25 2.2E+01
    48      2  4.1E-01     58  6.7E-03  3.9E+01  5.5852566E+01     24 4.7E+00
    49      2  5.8E-02     59  6.4E-03  1.8E+01  6.5434008E+01     23 1.1E+02

 Major Minors     Step   nCon Feasible  Optimal  MeritFunction     nS Penalty
    50      7  9.7E-03     60  6.4E-03  1.4E+00  1.2383128E+02     17 8.1E+02
    51      4  3.1E-02     61  6.2E-03  1.7E+01  4.2099910E+02     18 4.4E+03
    52     12  1.2E-01     62  5.6E-03  4.1E+01  8.4483834E+01     16 1.3E+02
    53      5  9.8E-02     63  5.2E-03  3.3E+01  2.8465106E+02     14 3.5E+03
    54      6  4.7E-02     64  5.0E-03  2.1E+01  4.0140401E+02     17 5.8E+03
    55      7  8.3E-02     65  4.8E-03  1.5E+01  3.7776855E+02     18 5.8E+03
    56      3  1.4E-01     66  4.2E-03  1.6E+01  3.8009974E+02     18 5.9E+03
    57      5  4.7E-02     67  4.0E-03  2.2E+01  2.7975915E+02     17 2.9E+03
    58      4  6.8E-02     68  3.8E-03  2.5E+01  2.8547697E+02     19 3.3E+03
    59      4  3.8E-02     69  3.6E-03  2.7E+01  2.0444912E+02     18 5.4E+02

 Major Minors     Step   nCon Feasible  Optimal  MeritFunction     nS Penalty
    60      2  7.4E-02     70  3.3E-03  2.0E+01  7.6972617E+02     17 2.5E+04
    61      3  3.2E-02     71  3.2E-03  1.4E+01  7.6012812E+02     15 2.5E+04
    62      4  4.1E-02     72  3.1E-03  9.9E+00  8.7871135E+02     14 3.1E+04
    63      2  9.8E-02     73  2.7E-03  2.0E+00  8.0309125E+02     15 3.1E+04
    64      3  7.7E-02     74  2.6E-03  1.0E+01  7.3935623E+02     15 3.1E+04
    65      1  2.0E-01     75  2.1E-03  8.2E+00  5.7142580E+02     15 2.8E+04
    66      2  5.0E-01     76  1.4E-03  2.6E+01  2.3191953E+02     16 4.2E+03
    67      2  1.0E+00     77  1.1E-03  2.7E+01  6.8269088E+01     17 2.5E+03
    68     12  5.0E-01     79  5.7E-04  2.3E+01  6.0065576E+01     18 2.5E+03  M
    69      5  1.4E-02     81  5.6E-04  2.7E+01  5.9684532E+01     22 2.5E+03  m

 Major Minors     Step   nCon Feasible  Optimal  MeritFunction     nS Penalty
    70     15  1.1E-01     82  6.5E-04  2.1E+01  5.8625221E+01     20 2.5E+03

 Major Minors     Step   nCon Feasible  Optimal  MeritFunction     nS Penalty
    70      5              82  6.5E-04  3.6E-01  5.7477761E+01     24           R
    71      3  4.5E-01     83  3.6E-04  4.0E+00  5.9223492E+01     24 3.0E+03 s
    72      3  6.7E-01     84  9.0E-04  7.7E+00  5.8726999E+01     22 3.8E+03
    73      4  1.0E+00     85  1.6E-04  1.2E+01  5.7635485E+01     21 1.6E+02
    74      3  1.9E-01     86  8.5E-05  1.1E+01  5.7619270E+01     21 2.2E+01
    74      2              86  8.5E-05  6.8E+00  5.7618827E+01     22           R
    74      9              86  8.5E-05  1.7E-01  5.7618827E+01     19           r
    75     11  1.0E-01     88  4.6E-03  2.1E-01  5.3483155E+01     17         sm D
    76     20  1.0E-01     89  1.1E-02  6.6E-01  5.2924968E+01     16            D
    77      5  7.4E-02     90  1.2E-02  1.0E-01  5.2679250E+01     14
    78      6  1.4E-02     91  1.2E-02  1.4E-01  5.2606240E+01     15
    79      8  5.8E-02     92  1.1E-02  4.4E-01  5.2308848E+01     12

 Major Minors     Step   nCon Feasible  Optimal  MeritFunction     nS Penalty
    80      7  2.6E-02     93  1.1E-02  1.5E-01  5.2234806E+01     14
    81      8  4.3E-02     94  1.1E-02  1.2E-01  5.2120451E+01     17
    82      7  1.6E-02     95  1.1E-02  1.1E-01  5.2284535E+01     15 6.1E-01
    83      8  3.4E-02     96  1.0E-02  5.0E-02  5.2195812E+01     15 6.1E-01
    84     12  1.9E-03     97  1.0E-02  5.1E-02  5.2247499E+01     14 8.2E-01
    85     15  2.3E-02     98  1.0E-02  5.3E-02  5.2221320E+01     19 8.2E-01
    86      9  2.2E-02     99  1.0E-02  5.2E-02  5.2180614E+01     19 8.2E-01
    87      5  1.5E-02    100  9.9E-03  5.2E-02  5.3017418E+01     19 4.4E+00
    88      6  4.0E-02    101  9.5E-03  5.5E-02  5.2931031E+01     18 4.4E+00
    89      7  1.5E-01    102  8.5E-03  5.2E-02  5.2834233E+01     19 4.4E+00

 Major Minors     Step   nCon Feasible  Optimal  MeritFunction     nS Penalty
    90      5  3.1E-02    103  8.2E-03  6.0E-02  5.2784996E+01     20 4.4E+00
    91      6  2.2E-02    104  8.0E-03  1.1E-01  5.2761897E+01     19 4.4E+00
    92      5  5.4E-01    105  4.2E-03  2.4E-01  5.2515970E+01     18 5.1E+00
    93      5  2.2E-01    106  4.1E-03  9.2E-02  5.2235691E+01     21 2.3E+00
    94      2  2.1E-02    107  4.0E-03  1.0E-01  5.2205476E+01     20 2.3E+00
    95      6  6.8E-01    108  1.4E-03  6.0E-02  5.0137608E+01     19 2.3E+00
    96      8  1.8E-01    109  1.3E-03  7.5E-02  4.9353935E+01     19 2.3E+00
    97      7  5.1E-02    110  9.3E-04  6.5E-02  4.9329144E+01     19 2.3E+00
    98     11  2.0E-02    111  8.3E-04  2.1E-01  4.9327860E+01     17 2.3E+00
    99      4  6.3E-02    112  5.1E-04  6.8E-01  4.9277318E+01     16 2.3E+00

 Major Minors     Step   nCon Feasible  Optimal  MeritFunction     nS Penalty
   100      3  1.8E-02    113  4.8E-04  1.0E-01  4.9264215E+01     18 2.3E+00

 Major Minors     Step   nCon Feasible  Optimal  MeritFunction     nS Penalty
   100     18             113  4.8E-04  5.3E-02  4.9263768E+01     24           R
   101      3  1.0E+00    114  8.8E-05  8.3E-02  4.9389941E+01     23 2.5E+02 s
   102      4  1.0E+00    115  1.6E-04  3.2E-02  4.9314405E+01     21 1.8E+01
   103      4  1.0E+00    116  9.5E-04  2.7E-02  4.9229250E+01     22 7.3E+00
   104      3  1.0E+00    117  6.2E-04  4.3E-02  4.9151408E+01     21 1.1E+02
   104      7             117  6.2E-04  5.5E-02  4.9051803E+01     23           R
   105      4  1.0E+00    118  4.4E-05  8.6E-02  4.9293356E+01     21 3.0E+02 s
   106      2  7.4E-02    119  2.4E-04  4.9E-02  4.9217528E+01     21 1.7E+01
   107      1  1.1E-01    120  8.2E-04  2.2E-02  4.9031440E+01     21 6.3E+00
   107      1             120  8.2E-04  6.8E-03  4.9021828E+01     21           R
   107      3             120  8.2E-04  5.1E-03  4.9021828E+01     19           r
   108      3  6.6E-02    121  1.4E-03  5.6E-03  4.8964876E+01     21         s
   109      1  1.0E+00    122  2.2E-04  3.1E-03  4.8940868E+01     21 1.0E+00
   109      1             122  2.2E-04  2.1E-03  4.8940866E+01     21           R
   109      1             122  2.2E-04  2.1E-03  4.8940866E+01     21           r

 SNOPTC EXIT  60 -- undefined user-supplied functions
 SNOPTC INFO  63 -- unable to proceed into undefined region

 Problem name                 Optimiza
 No. of iterations                 701   Objective            4.8624813014E+01
 No. of major iterations           109   Linear    obj. term  0.0000000000E+00
 Penalty parameter           0.000E+00   Nonlinear obj. term  4.8624813014E+01
 User function calls (total)       637   Calls with modes 1,2 (known g)    122
 No. of superbasics                 21   No. of basic nonlinears             3
 No. of degenerate steps             0   Percentage                       0.00
 Max x                       2 7.0E+01   Max pi                      2 4.6E+01
 Max Primal infeas          30 1.5E-02   Max Dual infeas            32 7.2E+00
 Nonlinear constraint violn    1.5E-02



 Solution printed on file  18

 Time for MPS input                             0.00 seconds
 Time for solving problem                    2986.45 seconds
 Time for solution output                       0.00 seconds
 Time for constraint functions               2986.42 seconds
 Time for objective function                    0.00 seconds
