
 ==============================
 S N O P T  7.7.7    (Feb 2021)
 ==============================

 SNMEMB EXIT 100 -- finished successfully
 SNMEMB INFO 104 -- memory requirements estimated

 ==============================
 S N O P T  7.7.7    (Feb 2021)
 ==============================



 Nonlinear constraints       3     Linear constraints       0
 Nonlinear variables        32     Linear variables         0
 Jacobian  variables        32     Objective variables     32
 Total constraints           3     Total variables         32



 The user has defined      96   out of      96   constraint gradients.
 The user has defined      32   out of      32   objective  gradients.


 Major Minors     Step   nCon Feasible  Optimal  MeritFunction     nS Penalty
     0     35               1  1.3E+00  7.2E-01  1.3224717E+00     28           r
     1      8  5.0E-01      2  9.1E-01  2.7E-01 -3.1580282E-02     31 7.5E-01   rl
     2      1  2.6E-01      3  6.8E-01  2.2E+00  1.3231183E+00     31 8.0E-01 s
     3      1  1.0E+00      4  1.1E-01  3.6E-01  8.1055953E-01     31 8.0E-01
     4      1  1.0E+00      5  4.6E-03  1.6E-01  7.6515320E-01     31 8.0E-01
     5      2  1.0E+00      6 (8.5E-06) 1.3E-01  7.6471366E-01     30 8.0E-01
     6      1  3.9E-01      7  1.1E-04  1.7E-01  7.6254770E-01     30 8.0E-01
     7      1  1.0E+00      8  1.2E-02  4.2E-01  7.6128666E-01     30 8.0E-01
     8      1  5.2E-01      9  6.0E-03  1.9E-01  7.6010364E-01     30 8.0E-01
     9      1  1.6E-02     10  6.8E-03  1.5E-01  7.5984400E-01     30 8.0E-01

 Major Minors     Step   nCon Feasible  Optimal  MeritFunction     nS Penalty
    10      1  1.0E+00     11  5.9E-03  2.1E-01  7.5976195E-01     30 8.0E-01
    11      3  1.0E+00     12  1.6E-04  1.4E-01  7.5950160E-01     30 8.0E-01
    12      2  1.0E+00     13  1.4E-02  1.5E-01  7.4427897E-01     29 8.0E-01
    13      2  1.0E+00     14  8.6E-03  1.4E-01  7.3034409E-01     30 8.0E-01
    14      2  1.0E+00     15  7.6E-05  2.6E-01  7.2759792E-01     29 8.0E-01
    15      1  1.0E+00     16  2.5E-02  4.8E-01  7.2620665E-01     29 8.0E-01
    16      3  1.0E+00     17  2.3E-03  1.5E-01  7.2016644E-01     29 8.0E-01
    17      3  5.3E-02     18  9.5E-02  1.4E+00  7.0928380E-01     29 8.0E-01
    18      3  1.0E+00     19  2.2E-02  1.3E-01  6.9459442E-01     29 8.0E-01
    19      3  1.6E-01     20  7.9E-02  1.8E+00  6.6566669E-01     29 8.0E-01

 Major Minors     Step   nCon Feasible  Optimal  MeritFunction     nS Penalty
    20      1  1.0E+00     21  1.2E-01  4.0E+00  6.6362738E-01     29 8.0E-01
    21      1  1.0E+00     22  7.5E-02  3.4E+00  6.6059293E-01     29 8.0E-01
    22      2  1.0E+00     23  1.6E-02  3.2E-01  6.4723788E-01     28 8.0E-01
    23      1  2.3E-01     24  3.7E-02  2.1E+00  6.1291761E-01     28 8.0E-01
    24      1  2.2E-01     25  2.9E-02  4.3E-01  5.8669231E-01     28 8.0E-01
    25      1  2.7E-01     26  2.2E-02  2.3E-01  5.6194147E-01     28 8.0E-01
    26      4  6.3E-02     27  2.0E-02  1.5E+00  5.5782958E-01     29 8.0E-01
    27      1  7.4E-04     28  2.0E-02  2.1E-01  5.5782530E-01     29 8.0E-01
    28      2  1.0E+00     29  1.8E-03  9.4E-02  5.5674024E-01     30 8.0E-01
    29      1  1.0E+00     30 (3.9E-06) 9.3E-02  5.5663952E-01     30 8.0E-01

 Major Minors     Step   nCon Feasible  Optimal  MeritFunction     nS Penalty
    30      2  3.2E-02     31  1.2E-05  8.3E-02  5.5654146E-01     29 8.0E-01
    31      1  1.9E-01     32  1.0E-05  9.4E-02  5.5649688E-01     29 8.0E-01
    32      1  3.1E-01     33  3.9E-03  9.3E-02  5.5647144E-01     29 8.0E-01
    33      1  4.2E-02     34  3.8E-03  9.3E-02  5.5647451E-01     29 8.0E-01
    34      1  1.0E+00     35  3.9E-04  9.3E-02  5.5647439E-01     29 8.1E-01
    35      1  1.0E+00     36  5.0E-04  1.8E-01  5.5643907E-01     29 8.1E-01
    36      1  4.9E-02     37  8.5E-04  2.1E-01  5.5642562E-01     29 8.1E-01
    37      1  1.0E+00     38  1.8E-03  1.4E-01  5.5642481E-01     29 8.1E-01
    38      1  2.2E-01     39  1.6E-03  8.8E-02  5.5641060E-01     29 8.1E-01
    39      1  1.0E+00     40  1.7E-03  9.5E-02  5.5640554E-01     29 8.1E-01

 Major Minors     Step   nCon Feasible  Optimal  MeritFunction     nS Penalty
    40      1  1.0E+00     41  5.3E-04  3.5E-02  5.5639539E-01     29 8.1E-01
    41      1  1.0E+00     42  3.9E-05  2.6E-02  5.5639453E-01     29 8.1E-01
    42      1  1.0E+00     43  2.5E-04  6.5E-02  5.5638982E-01     29 8.1E-01
    43      1  1.0E+00     44  7.9E-05  8.5E-02  5.5638145E-01     29 8.1E-01
    44      1  1.0E+00     45  5.6E-04  1.1E-01  5.5632230E-01     29 8.1E-01
    45      2  1.0E+00     46  8.1E-04  2.5E-01  5.5586821E-01     28 8.1E-01
    46      2  5.6E-01     48  1.8E-03  1.3E-01  5.5012715E-01     27 8.1E-01  m
    47      1  1.0E+00     50  9.8E-04  4.7E-01  5.4371379E-01     27 8.1E-01  M
    48      1  1.0E+00     51  3.7E-03  4.3E-01  5.4338144E-01     27 8.1E-01
    49      2  1.0E+00     52  3.8E-04  1.4E-01  5.4074647E-01     26 8.1E-01

 Major Minors     Step   nCon Feasible  Optimal  MeritFunction     nS Penalty
    50      2  1.0E+00     53  1.3E-05  4.1E-01  5.4019957E-01     27 8.1E-01
    51      1  2.8E-01     54  6.5E-03  1.8E+00  5.3881638E-01     27 8.1E-01
    52      1  7.1E-02     55  6.1E-03  1.6E-01  5.3805395E-01     27 8.1E-01
    53      1  2.8E-02     56  6.0E-03  2.7E-01  5.3755226E-01     27 8.1E-01
    54      1  4.2E-02     57  6.2E-03  4.1E-01  5.3731308E-01     27 8.1E-01
    55      1  1.9E-01     58  5.9E-03  8.7E-02  5.3730755E-01     27 8.1E-01
    56      2  1.0E+00     59  2.6E-04  1.2E-01  5.3725263E-01     28 8.1E-01
    57      1  1.0E+00     60  1.5E-03  2.6E-01  5.3719366E-01     28 8.1E-01
    58      1  2.9E-01     61  1.5E-03  1.5E-01  5.3718863E-01     28 8.1E-01
    59      1  1.0E+00     62  9.3E-05  1.1E-01  5.3717605E-01     28 8.1E-01

 Major Minors     Step   nCon Feasible  Optimal  MeritFunction     nS Penalty
    60      1  4.3E-01     63  1.3E-03  8.7E-02  5.3715088E-01     28 8.1E-01
    61      1  1.0E+00     64  2.5E-04  3.9E-02  5.3712729E-01     28 8.1E-01
    62      1  3.3E-01     65  2.3E-04  3.7E-02  5.3709961E-01     28 8.1E-01
    63      1  6.3E-02     66  2.4E-04  3.3E-02  5.3708864E-01     28 8.1E-01
    64      1  4.9E-02     67  2.5E-04  2.8E-02  5.3708748E-01     28 8.1E-01
    65      1  1.0E+00     68  1.2E-04  2.9E-02  5.3708653E-01     28 8.1E-01
    66      1  1.0E+00     69  4.1E-05  1.9E-02  5.3708513E-01     28 8.1E-01
    67      1  1.0E+00     70  3.0E-05  2.4E-02  5.3708113E-01     28 8.1E-01
    68      1  1.9E-01     71  6.5E-05  2.4E-02  5.3707577E-01     28 8.1E-01
    69      1  8.7E-02     72  7.3E-05  2.1E-02  5.3707421E-01     28 8.1E-01

 Major Minors     Step   nCon Feasible  Optimal  MeritFunction     nS Penalty
    70      1  3.6E-01     73  9.8E-05  1.8E-02  5.3707265E-01     28 8.1E-01
    71      1  1.0E+00     74  3.3E-05  1.7E-02  5.3707165E-01     28 8.1E-01
    72      1  1.0E+00     75  7.6E-05  2.3E-02  5.3707005E-01     28 8.1E-01
    73      1  1.0E+00     76  1.8E-05  1.3E-02  5.3706982E-01     28 8.1E-01
    74      1  1.0E+00     77 (5.2E-06) 4.0E-03  5.3706966E-01     28 8.1E-01
    75      1  1.0E+00     78 (3.8E-06) 3.3E-03  5.3706925E-01     28 8.1E-01
    76      1  1.0E+00     79  5.7E-05  2.2E-02  5.3706666E-01     28 8.1E-01
    77      1  1.0E+00     80  8.5E-05  4.2E-02  5.3706102E-01     28 8.1E-01
    78      2  1.0E+00     81  1.7E-04  6.0E-02  5.3704309E-01     27 8.1E-01
    79      1  1.0E+00     82  2.7E-04  6.0E-02  5.3698940E-01     27 8.1E-01

 Major Minors     Step   nCon Feasible  Optimal  MeritFunction     nS Penalty
    80      1  1.0E+00     83  2.8E-05  3.8E-02  5.3698236E-01     27 8.1E-01
    81      1  1.0E+00     84  5.0E-03  3.9E-01  5.3694915E-01     27 8.1E-01
    82      1  4.8E-01     85  4.7E-03  1.1E-01  5.3693077E-01     27 8.1E-01
    83      1  1.0E+00     86  1.5E-04  8.7E-02  5.3691194E-01     27 8.1E-01
    84      1  1.0E+00     87  2.8E-04  1.7E-01  5.3688624E-01     27 8.1E-01
    85      1  1.0E+00     88  3.9E-03  1.2E-01  5.3681020E-01     27 8.1E-01
    86      1  1.1E-01     89  3.7E-03  1.0E-01  5.3679707E-01     27 8.1E-01
    87      1  1.0E+00     90  1.7E-03  2.4E-01  5.3675378E-01     27 8.1E-01
    88      1  1.0E+00     91  3.2E-04  3.2E-01  5.3671666E-01     27 8.1E-01
    89      1  1.0E+00     92  4.2E-03  4.1E-01  5.3635851E-01     27 8.1E-01

 Major Minors     Step   nCon Feasible  Optimal  MeritFunction     nS Penalty
    90      1  1.3E-01     93  3.7E-03  4.3E-01  5.3619381E-01     27 8.1E-01
    91      1  1.5E-01     94  3.2E-03  4.1E-01  5.3594714E-01     27 8.1E-01
    92      1  1.9E-01     95  2.8E-03  3.0E-01  5.3568874E-01     27 8.1E-01
    93      1  1.5E-01     96  2.5E-03  3.1E-01  5.3553177E-01     27 8.1E-01
    94      1  1.7E-01     97  2.0E-03  3.4E-01  5.3538140E-01     27 8.1E-01
    95      1  2.2E-01     98  2.1E-03  3.9E-01  5.3523280E-01     27 8.1E-01
    96      1  3.8E-01     99  2.7E-03  4.5E-01  5.3505895E-01     27 8.1E-01
    97      1  7.1E-01    100  2.9E-03  5.5E-01  5.3449765E-01     27 8.1E-01
    98      1  1.0E+00    101  1.4E-03  5.7E-01  5.3439223E-01     27 8.1E-01
    99      1  1.0E+00    102  1.9E-03  6.0E-01  5.3428480E-01     27 8.1E-01

 Major Minors     Step   nCon Feasible  Optimal  MeritFunction     nS Penalty
   100      1  1.0E+00    103  4.5E-03  6.3E-01  5.3413317E-01     27 8.1E-01
   101      2  4.4E-01    104  4.9E-03  6.6E-01  5.3392103E-01     26 8.1E-01
   102      1  1.3E-01    105  4.8E-03  7.0E-01  5.3374853E-01     26 8.1E-01
   103      1  2.3E-01    106  5.5E-03  7.7E-01  5.3323042E-01     26 8.1E-01
   104      3  3.2E-01    107  8.1E-03  5.5E-01  5.3138084E-01     26 8.1E-01
   105      1  6.7E-03    108  8.2E-03  3.3E-01  5.3097462E-01     26 8.1E-01
   106      9  3.6E-03    109  8.2E-03  1.5E-01  5.3078155E-01     27 8.1E-01
   107      1  1.0E+00    110  1.8E-03  3.1E-01  5.3061288E-01     27 8.1E-01
   108      1  1.0E+00    111  7.5E-04  1.3E-01  5.3057318E-01     27 8.1E-01
   109      1  1.0E+00    112  2.1E-03  1.6E-01  5.3056036E-01     27 8.1E-01

 Major Minors     Step   nCon Feasible  Optimal  MeritFunction     nS Penalty
   110      2  1.0E+00    113  4.3E-04  1.1E-01  5.3049774E-01     26 8.1E-01
   111      1  1.0E+00    114  6.3E-03  1.1E-01  5.3048798E-01     26 8.1E-01
   112      3  1.0E+00    115  5.2E-04  7.4E-02  5.3002262E-01     28 8.1E-01
   113      1  8.9E-02    116  8.9E-04  3.1E-02  5.3001654E-01     28 8.1E-01
   114      1  1.6E-01    118  8.5E-04  2.7E-02  5.2997971E-01     28 8.1E-01  M
   115      1  1.4E-01    119  1.2E-03  9.0E-02  5.2995865E-01     28 8.1E-01
   116      1  2.1E-02    120  2.6E-03  6.6E-02  5.2994612E-01     28 8.1E-01
   117      1  1.0E-02    121  2.6E-03  5.6E-02  5.2994500E-01     28 8.1E-01
   118      1  2.2E-02    122  2.6E-03  5.3E-02  5.2994341E-01     28 8.1E-01
   119      1  4.9E-02    123  2.5E-03  5.2E-02  5.2994075E-01     28 8.1E-01

 Major Minors     Step   nCon Feasible  Optimal  MeritFunction     nS Penalty
   120      1  1.9E-01    124  2.2E-03  3.9E-02  5.2993527E-01     28 8.1E-01
   121      1  1.0E+00    125  4.0E-04  4.0E-02  5.2992211E-01     28 8.1E-01
   122      1  1.0E+00    126  1.2E-04  9.6E-02  5.2992146E-01     28 8.1E-01
   123      1  1.0E+00    127  9.8E-05  6.1E-02  5.2991849E-01     28 8.1E-01
   124      1  1.0E+00    128  6.3E-05  2.6E-02  5.2991455E-01     28 8.1E-01
   125      1  1.0E+00    129  1.0E-04  2.6E-02  5.2990883E-01     28 8.1E-01
   126      1  1.0E+00    130  7.9E-05  3.3E-02  5.2990244E-01     28 8.1E-01
   127      1  1.0E+00    131  2.1E-04  4.2E-02  5.2988716E-01     28 8.1E-01
   128      1  3.3E-01    132  2.0E-04  4.7E-02  5.2987246E-01     28 8.1E-01
   129      1  5.8E-02    133  2.1E-04  2.8E-02  5.2986844E-01     28 8.1E-01

 Major Minors     Step   nCon Feasible  Optimal  MeritFunction     nS Penalty
   130      1  1.0E+00    134  1.9E-04  2.9E-02  5.2985801E-01     28 8.1E-01
   131      1  1.0E+00    135  9.7E-04  4.1E-02  5.2984775E-01     28 8.1E-01
   132      1  1.0E+00    136  1.3E-04  1.1E-02  5.2984374E-01     28 8.1E-01
   133      1  1.0E+00    137  1.4E-05  3.4E-03  5.2984315E-01     28 8.1E-01
   134      1  1.0E+00    138 (4.5E-06) 8.3E-03  5.2984302E-01     28 8.1E-01
   135      1  1.0E+00    139 (1.5E-06) 9.6E-03  5.2984290E-01     28 8.1E-01
   136      1  1.0E+00    140 (5.3E-06) 1.3E-02  5.2984262E-01     28 8.1E-01
   137      1  1.0E+00    141 (4.6E-06) 2.6E-02  5.2984213E-01     28 8.1E-01
   138      1  1.0E+00    142  2.3E-05  5.9E-02  5.2984028E-01     28 8.1E-01
   139      1  1.0E+00    143  5.5E-05  1.1E-01  5.2983551E-01     28 8.1E-01

 Major Minors     Step   nCon Feasible  Optimal  MeritFunction     nS Penalty
   140      1  1.0E+00    144  2.6E-04  1.9E-01  5.2982070E-01     28 8.1E-01
   141      1  1.0E+00    145  9.6E-04  3.1E-01  5.2978037E-01     28 8.1E-01
   142      1  1.0E+00    146  3.5E-03  4.5E-01  5.2969861E-01     28 8.1E-01
   143      2  3.6E-01    147  4.0E-03  5.2E-01  5.2956516E-01     27 8.1E-01
   144      1  6.4E-02    148  3.9E-03  5.0E-01  5.2951228E-01     27 8.1E-01
   145      1  5.7E-02    149  3.9E-03  5.1E-01  5.2945493E-01     27 8.1E-01
   146      1  5.4E-02    150  3.9E-03  5.1E-01  5.2939626E-01     27 8.1E-01
   147      1  5.3E-02    151  4.0E-03  5.1E-01  5.2933450E-01     27 8.1E-01
   148      1  5.5E-02    152  4.0E-03  5.1E-01  5.2926845E-01     27 8.1E-01
   149      1  5.9E-02    153  4.0E-03  5.1E-01  5.2919661E-01     27 8.1E-01

 Major Minors     Step   nCon Feasible  Optimal  MeritFunction     nS Penalty
   150      1  6.7E-02    154  4.1E-03  5.1E-01  5.2911757E-01     27 8.1E-01
   151      1  6.7E-02    155  4.0E-03  4.9E-01  5.2904340E-01     27 8.1E-01
   152      1  9.6E-02    156  4.0E-03  4.4E-01  5.2895461E-01     27 8.1E-01
   153      2  1.3E-01    157  4.0E-03  3.7E-01  5.2886003E-01     26 8.1E-01
   154      1  1.6E-01    158  4.0E-03  3.1E-01  5.2875974E-01     26 8.1E-01
   155      1  2.2E-01    159  4.1E-03  2.6E-01  5.2865085E-01     26 8.1E-01
   156      1  3.5E-01    160  4.1E-03  1.9E-01  5.2853043E-01     26 8.1E-01
   157      1  1.0E+00    161  6.1E-03  2.8E-01  5.2845704E-01     26 8.1E-01
   158      2  2.9E-01    162  4.3E-03  1.3E-01  5.2836750E-01     27 8.1E-01
   159      1  3.4E-02    163  4.1E-03  1.3E-01  5.2835900E-01     27 8.1E-01

 Major Minors     Step   nCon Feasible  Optimal  MeritFunction     nS Penalty
   160      1  1.9E-05    164  4.1E-03  1.3E-01  5.2835899E-01     27 8.1E-01
   161      1  8.2E-09    165  4.1E-03  1.3E-01  5.2835899E-01     27 8.1E-01
   162      5  1.8E-12    166  4.1E-03  1.6E-01  5.2835899E-01     27 8.1E-01
   163      1  1.6E-12    167  4.1E-03  1.6E-01  5.2835899E-01     27 8.1E-01
   164      2  3.2E-12    168  4.1E-03  1.7E-01  5.2835899E-01     27 8.1E-01
   164      4             168  4.1E-03  6.8E-01  5.2829292E-01     28           R
   164      8             168  4.1E-03  1.3E-01  5.2829292E-01     27           r
   165      8  1.0E+00    169  2.5E+00  6.8E-01  2.2214039E-01     26         s
   166     12  1.0E+00    171  3.1E+00  7.0E-02  3.9412453E-01     23 4.6E-05  m
   167     52  1.8E-05    172  3.1E+00  1.6E+02  3.9382897E-01     26 4.6E-05
   168      6  3.4E-01    173  2.4E+00  4.4E+01  8.2376861E-01     25 3.9E-03
   169      6  1.0E+00    174  2.3E-01  1.1E+02  2.9548823E-01     24 4.1E-03

 Major Minors     Step   nCon Feasible  Optimal  MeritFunction     nS Penalty
   170      7  1.0E+00    175  8.1E-02  6.3E+01  3.7553563E-01     26 2.0E-01
   171      2  1.0E+00    176  3.0E-02  1.7E+01  3.1809554E-01     27 2.0E-01
   172      2  1.0E+00    177  1.5E-03  6.1E-01  2.9342714E-01     26 2.0E-01
   173      3  1.0E+00    178  1.8E-03  2.8E+00  2.8566665E-01     24 2.0E-01
   174      4  1.0E+00    180  1.6E-02  3.2E+00  2.6847248E-01     25 2.0E-01  m
   175      2  1.0E+00    181  3.6E-03  8.0E-01  2.5792362E-01     24 2.0E-01
   176      3  5.0E-01    182  1.8E-03  1.2E-01  2.5749334E-01     22 2.0E-01
   177      4  1.0E+00    184  3.3E-02  2.1E-01  2.5504229E-01     23 2.0E-01  m
   178      2  1.0E+00    185  1.0E-02  1.1E-01  2.5218201E-01     22 2.0E-01
   179      2  1.0E+00    186  8.8E-04  8.5E-02  2.5003872E-01     21 2.0E-01

 Major Minors     Step   nCon Feasible  Optimal  MeritFunction     nS Penalty
   180      2  1.0E+00    187  1.4E-05  7.0E-02  2.4994333E-01     20 2.0E-01
   181      2  1.0E+00    188  6.0E-02  1.0E-01  2.4815859E-01     21 2.0E-01
   182      2  1.0E+00    189  1.4E-02  5.6E-02  2.4748765E-01     20 2.0E-01
   183      1  1.0E+00    190  4.4E-04  5.1E-02  2.4674410E-01     20 2.0E-01
   184      1  1.0E+00    191  1.8E-03  4.8E-02  2.4661636E-01     20 2.0E-01
   185      1  1.0E+00    192  1.7E-02  4.8E-02  2.4660299E-01     20 2.0E-01
   186      1  1.0E+00    193  9.0E-04  5.0E-02  2.4643252E-01     20 2.0E-01
   187      1  1.0E+00    194  1.4E-05  5.0E-02  2.4642809E-01     20 2.0E-01
   188      1  1.0E+00    195  1.5E-04  4.9E-02  2.4642041E-01     20 2.0E-01
   189      1  1.0E+00    196  4.7E-05  4.9E-02  2.4641476E-01     20 2.0E-01

 Major Minors     Step   nCon Feasible  Optimal  MeritFunction     nS Penalty
   190      1  1.0E+00    197  1.4E-04  4.7E-02  2.4640356E-01     20 2.0E-01
   191      1  1.0E+00    198  1.2E-04  4.6E-02  2.4639427E-01     20 2.0E-01
   192      1  1.0E+00    199  8.4E-05  4.5E-02  2.4638797E-01     20 2.0E-01
   193      1  1.0E+00    200  5.5E-05  4.4E-02  2.4638265E-01     20 2.0E-01
   194      1  1.0E+00    201  9.7E-05  4.3E-02  2.4637365E-01     20 2.0E-01
   195      1  1.0E+00    202  1.4E-04  4.0E-02  2.4635943E-01     20 2.0E-01
   196      1  1.0E+00    203  1.2E-04  3.7E-02  2.4634426E-01     20 2.0E-01
   197      1  1.0E+00    204  1.2E-04  3.4E-02  2.4633561E-01     20 2.0E-01
   198      1  1.0E+00    205  6.6E-05  3.4E-02  2.4633185E-01     20 2.0E-01
   199      1  1.0E+00    206  4.1E-05  3.3E-02  2.4632824E-01     20 2.0E-01

 Major Minors     Step   nCon Feasible  Optimal  MeritFunction     nS Penalty
   200      1  1.0E+00    207  7.4E-05  3.1E-02  2.4632100E-01     20 2.0E-01
   201      1  1.0E+00    208  1.0E-04  2.8E-02  2.4630883E-01     20 2.0E-01
   202      1  1.0E+00    209  1.4E-04  2.4E-02  2.4629408E-01     20 2.0E-01
   203      1  1.0E+00    210  1.2E-04  2.0E-02  2.4628368E-01     20 2.0E-01
   204      1  1.0E+00    211  5.6E-05  1.9E-02  2.4627810E-01     20 2.0E-01
   205      1  1.0E+00    212  4.7E-05  1.7E-02  2.4627240E-01     20 2.0E-01
   206      1  1.0E+00    213  9.3E-05  1.5E-02  2.4626277E-01     20 2.0E-01
   207      1  1.0E+00    214  1.2E-04  1.3E-02  2.4625066E-01     20 2.0E-01
   208      1  1.0E+00    215  9.2E-05  1.0E-02  2.4624184E-01     20 2.0E-01
   209      1  1.0E+00    216  5.4E-05  9.5E-03  2.4623861E-01     20 2.0E-01

 Major Minors     Step   nCon Feasible  Optimal  MeritFunction     nS Penalty
   210      1  1.0E+00    217  1.8E-05  9.3E-03  2.4623723E-01     20 2.0E-01
   211      1  1.0E+00    218  2.0E-05  9.0E-03  2.4623530E-01     20 2.0E-01
   212      1  1.0E+00    219  3.2E-05  8.4E-03  2.4623206E-01     20 2.0E-01
   213      1  1.0E+00    220  3.9E-05  7.6E-03  2.4622833E-01     20 2.0E-01
   214      1  1.0E+00    221  3.2E-05  6.9E-03  2.4622588E-01     20 2.0E-01
   215      1  1.0E+00    222  1.6E-05  6.6E-03  2.4622472E-01     20 2.0E-01
   216      1  1.0E+00    223  1.0E-05  6.3E-03  2.4622364E-01     20 2.0E-01
   217      1  1.0E+00    224  1.8E-05  6.0E-03  2.4622169E-01     20 2.0E-01
   218      1  1.0E+00    225  2.0E-05  5.4E-03  2.4621885E-01     20 2.0E-01
   219      1  1.0E+00    226  2.3E-05  4.9E-03  2.4621629E-01     20 2.0E-01

 Major Minors     Step   nCon Feasible  Optimal  MeritFunction     nS Penalty
   220      1  1.0E+00    227  1.9E-05  4.7E-03  2.4621509E-01     20 2.0E-01
   221      1  1.0E+00    228 (7.0E-06) 4.7E-03  2.4621456E-01     20 2.0E-01
   222      1  1.0E+00    229 (6.2E-06) 4.7E-03  2.4621389E-01     20 2.0E-01
   223      1  1.0E+00    230  1.2E-05  4.6E-03  2.4621262E-01     20 2.0E-01
   224      1  1.0E+00    231  1.6E-05  4.4E-03  2.4621081E-01     20 2.0E-01
   225      1  1.0E+00    232  1.8E-05  4.0E-03  2.4620923E-01     20 2.0E-01
   226      1  1.0E+00    233  1.2E-05  3.7E-03  2.4620845E-01     20 2.0E-01
   227      1  1.0E+00    234 (4.8E-06) 3.5E-03  2.4620803E-01     20 2.0E-01
   228      1  1.0E+00    235 (5.1E-06) 3.3E-03  2.4620742E-01     20 2.0E-01
   229      1  1.0E+00    236 (8.4E-06) 3.0E-03  2.4620630E-01     20 2.0E-01

 Major Minors     Step   nCon Feasible  Optimal  MeritFunction     nS Penalty
   230      1  1.0E+00    237  1.0E-05  2.6E-03  2.4620476E-01     20 2.0E-01
   231      1  1.0E+00    238  1.1E-05  2.4E-03  2.4620358E-01     20 2.0E-01
   232      1  1.0E+00    239 (7.3E-06) 2.5E-03  2.4620309E-01     20 2.0E-01
   233      1  1.0E+00    240 (2.6E-06) 2.6E-03  2.4620285E-01     20 2.0E-01
   234      1  1.0E+00    241 (2.5E-06) 2.8E-03  2.4620252E-01     20 2.0E-01
   235      1  1.0E+00    242 (3.9E-06) 3.1E-03  2.4620200E-01     20 2.0E-01
   236      1  1.0E+00    243 (6.5E-06) 3.1E-03  2.4620130E-01     20 2.0E-01
   237      1  1.0E+00    244 (6.7E-06) 2.9E-03  2.4620068E-01     20 2.0E-01
   238      1  1.0E+00    245 (3.0E-06) 2.6E-03  2.4620027E-01     20 2.0E-01
   239      1  1.0E+00    246 (1.3E-06) 2.4E-03  2.4619989E-01     20 2.0E-01

 Major Minors     Step   nCon Feasible  Optimal  MeritFunction     nS Penalty
   240      1  1.0E+00    247 (1.3E-06) 2.5E-03  2.4619936E-01     20 2.0E-01
   241      1  3.0E-01    248 (9.1E-07) 4.5E-03  2.4619903E-01     20 2.0E-01
   242      3  1.1E-01    249 (1.1E-06) 5.5E-03  2.4619864E-01     18 2.0E-01
   243      2  3.5E-02    251 (1.2E-06) 3.0E-03  2.4619836E-01     19 2.0E-01  m
   244      1  4.0E-02    253 (1.4E-06) 5.1E-03  2.4619799E-01     19 2.0E-01  M
   245      1  5.6E-02    255 (1.6E-06) 3.3E-03  2.4619689E-01     19 2.0E-01  M
   246      1  1.2E-01    257 (2.7E-06) 8.2E-04  2.4619381E-01     19 2.0E-01  M
   247      1  1.7E-01    259 (4.5E-06) 4.5E-03  2.4618831E-01     19 2.0E-01  M
   248      1  2.2E-01    261 (6.5E-06) 6.3E-03  2.4618147E-01     19 2.0E-01  M
   249      1  2.6E-01    263 (7.1E-06) 6.3E-03  2.4617526E-01     19 2.0E-01  M

 Major Minors     Step   nCon Feasible  Optimal  MeritFunction     nS Penalty
   250      1  3.3E-01    265 (6.8E-06) 5.2E-03  2.4616943E-01     19 2.0E-01  M
   251      1  1.0E+00    267  1.3E-03  1.1E-03  2.4616507E-01     19 2.0E-01  M
   252      1  1.0E+00    268  1.1E-05  3.9E-04  2.4615833E-01     19 2.0E-01
   253      1  1.0E+00    269 (5.0E-07) 2.3E-04  2.4615829E-01     19 2.0E-01
   254      1  1.0E+00    270 (1.5E-07) 2.3E-04  2.4615828E-01     19 2.0E-01
   255      1  1.0E+00    271 (6.2E-08) 2.0E-04  2.4615827E-01     19 2.0E-01
   256      1  1.0E+00    272 (2.5E-07) 1.3E-04  2.4615824E-01     19 2.0E-01
   257      1  1.0E+00    273 (2.4E-07) 9.9E-06  2.4615820E-01     19 2.0E-01
   258      1  1.0E+00    274 (2.7E-07) 1.3E-04  2.4615815E-01     19 2.0E-01
   259      1  1.0E+00    275 (3.5E-07) 2.2E-04  2.4615812E-01     19 2.0E-01

 Major Minors     Step   nCon Feasible  Optimal  MeritFunction     nS Penalty
   260      1  1.0E+00    276 (1.6E-07) 2.4E-04  2.4615811E-01     19 2.0E-01
   261      1  1.0E+00    277 (4.5E-08) 2.2E-04  2.4615810E-01     19 2.0E-01
   262      1  1.0E+00    278 (8.0E-08) 1.5E-04  2.4615810E-01     19 2.0E-01
   263      1  1.0E+00    279 (1.0E-07) 6.5E-05  2.4615809E-01     19 2.0E-01
   264      1  1.0E+00    280 (6.7E-08) 2.6E-06  2.4615808E-01     19 2.0E-01
   265      1  1.0E+00    281 (2.1E-08) 3.2E-05  2.4615808E-01     19 2.0E-01
   266      1  1.0E+00    282 (4.5E-09) 4.0E-05  2.4615808E-01     19 2.0E-01
   267      1  1.0E+00    283 (5.2E-09) 3.6E-05  2.4615808E-01     19 2.0E-01
   268      1  1.0E+00    284 (1.1E-08) 2.4E-05  2.4615808E-01     19 2.0E-01
   269      1  1.0E+00    285 (1.3E-08) 1.1E-05  2.4615808E-01     19 2.0E-01

 Major Minors     Step   nCon Feasible  Optimal  MeritFunction     nS Penalty
   270      1  1.0E+00    286 (6.7E-09) 2.9E-06  2.4615808E-01     19 2.0E-01
   271      1  1.0E+00    287 (1.3E-09) 4.4E-07  2.4615808E-01     19 2.0E-01
   272      1  1.0E+00    288 (3.1E-10) 7.1E-07  2.4615808E-01     19 2.0E-01
   273      1  1.0E+00    289 (7.8E-10) 3.7E-07  2.4615808E-01     19 2.0E-01
   274      1  1.0E+00    290 (1.1E-09) 1.3E-06  2.4615808E-01     19 2.0E-01
   275      1  1.0E+00    291 (1.3E-09) 3.0E-06  2.4615808E-01     19 2.0E-01
   276      1  1.0E+00    292 (1.1E-09) 4.2E-06  2.4615808E-01     19 2.0E-01
   277      1  1.0E+00    293 (4.0E-10) 4.5E-06  2.4615808E-01     19 2.0E-01
   278      1  1.0E+00    294 (5.3E-11) 4.5E-06  2.4615808E-01     19 2.0E-01
   279      1  1.0E+00    295 (6.3E-11) 4.1E-06  2.4615808E-01     19 2.0E-01

 Major Minors     Step   nCon Feasible  Optimal  MeritFunction     nS Penalty
   280      1  1.0E+00    296 (1.2E-10) 3.4E-06  2.4615808E-01     19 2.0E-01
   281      1  1.0E+00    297 (1.6E-10) 2.4E-06  2.4615808E-01     19 2.0E-01
   282      1  1.0E+00    298 (1.4E-10) 1.6E-06  2.4615808E-01     19 2.0E-01
   283      1  1.0E+00    299 (6.6E-11) 1.2E-06  2.4615808E-01     19 2.0E-01
   284      1  1.0E+00    300 (1.5E-11) 9.2E-07  2.4615808E-01     19 2.0E-01
   285      1  1.0E+00    301 (1.7E-11) 6.7E-07  2.4615808E-01     19 2.0E-01
   286      1  1.0E+00    302 (3.4E-11) 3.6E-07  2.4615808E-01     19 2.0E-01
   287      1  1.0E+00    303 (3.9E-11)(4.6E-08) 2.4615808E-01     19 2.0E-01

 SNOPTC EXIT   0 -- finished successfully
 SNOPTC INFO   1 -- optimality conditions satisfied

 Problem name                 Optimiza
 No. of iterations                 495   Objective            2.4615807963E-01
 No. of major iterations           287   Linear    obj. term  0.0000000000E+00
 Penalty parameter           1.956E-01   Nonlinear obj. term  2.4615807963E-01
 User function calls (total)       961   Calls with modes 1,2 (known g)    303
 No. of superbasics                 19   No. of basic nonlinears             3
 No. of degenerate steps             0   Percentage                       0.00
 Max x                       2 6.5E+00   Max pi                      2 2.4E-02
 Max Primal infeas          34 2.5E-10   Max Dual infeas            26 4.6E-08
 Nonlinear constraint violn    2.5E-10



 Solution printed on file  18

 Time for MPS input                             0.00 seconds
 Time for solving problem                   10061.72 seconds
 Time for solution output                       0.00 seconds
 Time for constraint functions              10061.72 seconds
 Time for objective function                    0.00 seconds
