79.7389000000
79.7389000000
79.7389000000
79.7389000000
79.7389000000
79.7389000000
79.7389000000
79.7389000000
79.7389000000
79.7389000000
79.7389000000
79.7389000000
79.7389000000
79.7389000000
79.7389000000
79.7389000000
79.7389000000
79.7389000000
79.7389000000
79.7389000000
79.7389000000
79.7389000000
79.7389000000
79.7389000000
79.7389000000
79.7389000000
79.7389000000
79.7389000000
79.7389000000
79.7389000000
79.7389000000
79.7389000000
79.7389000000
79.7389000000
79.7389000000
79.7389000000
79.7389000000
79.7389000000
79.7389000000
79.7389000000
79.7389000000
79.7389000000
79.7389000000
79.7389000000
79.7389000000
79.7389000000
79.7389000000
79.7389000000
79.7389000000
79.7389000000
105.0317602302
99.2560863956
81.0500967904
65.6624819196
65.6624819196
65.6624819196
65.6624819196
65.6624819196
65.6624819196
65.6624819196
65.6624819196
65.6624819196
79.7389000000
79.7389000000
79.7389000000
79.7389000000
79.7389000000
79.7389000000
79.7389000000
65.6624819196
65.6624819196
65.6624819196
65.6624819196
65.6624819196
65.6624819196
65.6624819196
65.6624819196
81.0500967904
99.2560863956
105.0317602302
79.7389000000
79.7389000000
79.7389000000
79.7389000000
79.7389000000
79.7389000000
79.7389000000
79.7389000000
79.7389000000
79.7389000000
79.7389000000
79.7389000000
79.7389000000
79.7389000000
79.7389000000
79.7389000000
79.7389000000
79.7389000000
79.7389000000
79.7389000000
79.7389000000
79.7389000000
79.7389000000
79.7389000000
79.7389000000
79.7389000000
79.7389000000
79.7389000000
79.7389000000
79.7389000000
79.7389000000
79.7389000000
79.7389000000
79.7389000000
79.7389000000
79.7389000000
79.7389000000
79.7389000000
79.7389000000
79.7389000000
105.0317595332
99.2560863025
81.0500967904
65.1584346076
65.1584346076
65.1584346076
65.1584346076
65.1584346076
65.1584346076
65.1584346076
65.1584346076
79.7389000000
79.7389000000
79.7389000000
79.7389000000
79.7389000000
79.7389000000
79.7389000000
65.1584346076
65.1584346076
65.1584346076
65.1584346076
65.1584346076
65.1584346076
65.1584346076
65.1584346076
65.1584346076
81.0500967904
99.2560863025
105.0317595332
79.7389000000
79.7389000000
79.7389000000
79.7389000000
79.7389000000
79.7389000000
79.7389000000
79.7389000000
79.7389000000
79.7389000000
79.7389000000
79.7389000000
79.7389000000
79.7389000000
79.7389000000
79.7389000000
79.7389000000
79.7389000000
79.7389000000
79.7389000000
79.7389000000
79.7389000000
79.7389000000
79.7389000000
79.7389000000
79.7389000000
79.7389000000
79.7389000000
79.7389000000
79.7389000000
79.7389000000
79.7389000000
79.7389000000
79.7389000000
79.7389000000
79.7389000000
79.7389000000
79.7389000000
79.7389000000
79.7389000000
79.7389000000
79.7389000000
79.7389000000
79.7389000000
79.7389000000
79.7389000000
79.7389000000
79.7389000000
79.7389000000
79.7389000000
