79.7389000000
79.7389000000
79.7389000000
79.7389000000
79.7389000000
79.7389000000
79.7389000000
79.7389000000
79.7389000000
79.7389000000
79.7389000000
79.7389000000
79.7389000000
79.7389000000
79.7389000000
79.7389000000
79.7389000000
79.7389000000
79.7389000000
79.7389000000
79.7389000000
79.7389000000
79.7389000000
79.7389000000
79.7389000000
79.7389000000
79.7389000000
79.7389000000
79.7389000000
79.7389000000
79.7389000000
79.7389000000
79.7389000000
79.7389000000
79.7389000000
79.7389000000
79.7389000000
79.7389000000
79.7389000000
79.7389000000
79.7389000000
79.7389000000
79.7389000000
79.7389000000
79.7389000000
79.7389000000
79.7389000000
79.7389000000
102.2445373493
91.6427198807
71.1707305558
65.6449205974
65.6449205974
65.6449205974
65.6449205974
65.6449205974
65.6449205974
65.6449205974
65.6449205974
79.7389000000
79.7389000000
79.7389000000
79.7389000000
79.7389000000
79.7389000000
79.7389000000
65.6449205974
65.6449205974
65.6449205974
65.6449205974
65.6449205974
65.6449205974
65.6449205974
65.6449205974
71.1707305558
91.6427198807
102.2445373493
79.7389000000
79.7389000000
79.7389000000
79.7389000000
79.7389000000
79.7389000000
79.7389000000
79.7389000000
79.7389000000
79.7389000000
79.7389000000
79.7389000000
79.7389000000
79.7389000000
79.7389000000
79.7389000000
79.7389000000
79.7389000000
79.7389000000
79.7389000000
79.7389000000
79.7389000000
79.7389000000
79.7389000000
79.7389000000
79.7389000000
79.7389000000
79.7389000000
79.7389000000
79.7389000000
79.7389000000
79.7389000000
79.7389000000
79.7389000000
79.7389000000
79.7389000000
79.7389000000
79.7389000000
79.7389000000
79.7389000000
79.7389000000
79.7389000000
79.7389000000
79.7389000000
79.7389000000
79.7389000000
102.2445373493
91.6427198807
71.1707305558
65.1408732854
65.1408732854
65.1408732854
65.1408732854
65.1408732854
65.1408732854
65.1408732854
65.1408732854
65.1408732854
79.7389000000
79.7389000000
79.7389000000
79.7389000000
79.7389000000
79.7389000000
79.7389000000
65.1408732854
65.1408732854
65.1408732854
65.1408732854
65.1408732854
65.1408732854
71.1707305558
91.6427198807
102.2445373493
79.7389000000
79.7389000000
79.7389000000
79.7389000000
79.7389000000
79.7389000000
79.7389000000
79.7389000000
79.7389000000
79.7389000000
79.7389000000
79.7389000000
79.7389000000
79.7389000000
79.7389000000
79.7389000000
79.7389000000
79.7389000000
79.7389000000
79.7389000000
79.7389000000
79.7389000000
79.7389000000
79.7389000000
79.7389000000
79.7389000000
79.7389000000
79.7389000000
79.7389000000
79.7389000000
79.7389000000
79.7389000000
79.7389000000
79.7389000000
79.7389000000
79.7389000000
79.7389000000
79.7389000000
79.7389000000
79.7389000000
79.7389000000
79.7389000000
79.7389000000
79.7389000000
79.7389000000
79.7389000000
79.7389000000
79.7389000000
79.7389000000
