
 ==============================
 S N O P T  7.7.7    (Feb 2021)
 ==============================

 SNMEMB EXIT 100 -- finished successfully
 SNMEMB INFO 104 -- memory requirements estimated

 ==============================
 S N O P T  7.7.7    (Feb 2021)
 ==============================



 Nonlinear constraints       4     Linear constraints       0
 Nonlinear variables        29     Linear variables         0
 Jacobian  variables        29     Objective variables     29
 Total constraints           4     Total variables         29



 The user has defined     116   out of     116   constraint gradients.
 The user has defined      29   out of      29   objective  gradients.


 Major Minors     Step   nCon Feasible  Optimal  MeritFunction     nS Penalty
     0     29               1  4.4E+01  1.8E-01  1.5341194E+02      1           r
     1      3  2.0E-02      2  3.9E+01  1.3E-01  7.3150160E+05      1 1.3E+02   rl
     2      7  2.0E-02      4  3.8E+01  1.6E-01  7.6196820E+05      2 1.4E+02 sM l
     3      3  4.7E-03      5  3.8E+01  1.7E-01  2.2194914E+06      4 4.3E+02
     4     17  3.6E-02      7  2.5E+01  2.3E-01  1.5749502E+05     18 2.1E+01  M
     5     49  5.7E-02      8  1.5E+01  2.9E-01  8.1704848E+04     11 6.7E+00
     6     13  1.2E-01      9  8.9E+00  4.7E-01  7.7959522E+04      9 6.7E+00
     7      7  4.6E-02     10  7.5E+00  5.1E-01  7.3327998E+04     13 6.7E+00
     8      8  1.4E-01     11  5.1E+00  6.2E-01  5.8945522E+04     16 6.7E+00
     9     24  1.0E-01     12  4.5E+00  6.7E-01  5.6045437E+04     13 6.7E+00

 Major Minors     Step   nCon Feasible  Optimal  MeritFunction     nS Penalty
    10      9  5.3E-02     13  4.1E+00  6.2E-01  5.1117127E+04     17 6.7E+00
    11     31  1.0E+00     14  1.9E+00  3.7E+00  3.1633569E+04     17 6.7E+00
    12     18  6.6E-03     15  1.9E+00  4.1E+00  3.1295395E+04     20 6.7E+00
    13      7  2.8E-02     17  1.8E+00  5.4E+00  3.0063782E+04     18 6.7E+00  M
    14      3  2.9E-02     19  1.8E+00  5.3E+00  2.8810910E+04     16 6.7E+00  M
    15     11  4.1E-02     21  1.7E+00  2.1E+00  2.7038006E+04     24 6.7E+00  M
    16     10  1.1E-01     22  1.6E+00  2.1E+00  2.2899617E+04     24 6.7E+00
    17     14  4.1E-01     23  4.7E-01  8.3E+00  2.5907712E+03     19 6.7E+00
    18      8  4.1E-01     24  3.7E-01  2.1E+00  1.6362328E+03     16 6.7E+00
    19      4  8.2E-03     25  3.7E-01  1.9E+00  1.6299469E+03     19 6.7E+00

 Major Minors     Step   nCon Feasible  Optimal  MeritFunction     nS Penalty
    20      3  3.0E-02     27  3.7E-01  1.5E+00  1.6121631E+03     21 6.7E+00  m
    21      7  9.5E-03     29  3.7E-01  2.9E+00  1.5936134E+03     19 6.7E+00  m
    22     38  3.9E-01     30  3.0E-01  3.8E+00  1.3314615E+03     17 6.7E+00
    23      7  3.1E-01     31  2.7E-02  1.6E+00  4.4641292E+02     19 1.4E+01
    24      5  4.1E-02     32  2.7E-02  5.9E-01  4.1105415E+02     23 1.4E+01    D
    25      6  3.4E-02     34  2.6E-02  2.6E+00  3.8323336E+02     20 1.4E+01  m D
    26      2  2.5E-02     36  2.6E-02  2.2E+00  3.6718191E+02     21 1.4E+01  M D
    27      4  1.0E+00     38  2.9E-01  1.3E+00  2.6455462E+02     19 1.4E+01  m
    28      6  4.3E-01     39  1.9E-01  3.4E+01  1.6692019E+02     18 1.4E+01
    29     10  1.8E-01     40  1.6E-01  5.9E+01  1.6846157E+02     17 1.4E+01

 Major Minors     Step   nCon Feasible  Optimal  MeritFunction     nS Penalty
    30      2  4.7E-02     41  1.5E-01  4.8E+01  1.7501127E+02     18 1.4E+01
    31      5  1.0E+00     42  7.5E-02  8.5E+01  1.6460685E+02     20 1.4E+01
    32      6  1.0E+00     43  3.2E-02  9.7E+01  7.4693199E+01     21 1.4E+01
    33      5  6.6E-02     44  3.0E-02  1.9E+01  7.9104468E+01     19 1.5E+01
    34      4  1.0E+00     45  1.1E-02  9.9E+00  6.7171453E+01     22 1.5E+01
    35      5  4.4E-01     46  6.9E-03  3.6E-01  6.5554234E+01     20 1.5E+01
    36      2  1.0E+00     47  1.4E-03  7.4E-01  6.3071622E+01     21 1.5E+01
    37      3  2.1E-01     48  9.3E-04  1.4E+00  6.2683973E+01     19 1.5E+01
    38     10  4.4E-02     49  2.7E-03  8.9E-01  6.2376333E+01     21 1.5E+01
    39      4  5.2E-02     50  2.6E-03  7.2E-01  6.2301958E+01     20 1.5E+01

 Major Minors     Step   nCon Feasible  Optimal  MeritFunction     nS Penalty
    40      1  1.1E-01     51  2.4E-03  6.7E-01  6.2049556E+01     20 1.5E+01
    41      1  1.0E+00     52  5.2E-04  1.2E+00  6.1314890E+01     20 1.5E+01
    42      4  1.0E+00     53  3.2E-03  7.1E-01  6.0803987E+01     20 3.7E+02
    42      7              53  3.2E-03  2.0E+00  6.0535323E+01     26           R
    43      8  1.0E+00     55  7.8E-04  8.2E-01  6.0799525E+01     19 1.3E+02 sm
    44      1  4.6E-01     57  2.6E-03  3.0E+00  5.9859611E+01     19 1.1E+01  m
    45      6  1.6E-01     59  2.4E-03  3.8E-01  5.9845852E+01     22 2.7E+01  m
    46      4  3.6E-01     60  9.5E-04  9.2E-01  5.8820801E+01     19 1.1E+01
    46      3              60  9.5E-04  1.5E+00  5.8807208E+01     21           R
    47      3  7.6E-04     61  9.5E-04  2.1E-01  6.1210293E+01     21 1.7E+03 s
    48      2  1.9E-01     62  1.4E-03  2.9E-01  5.8585708E+01     20 4.9E+01
    49      4  9.0E-02     63  2.9E-03  7.0E-01  5.8109145E+01     19 1.2E+01

 Major Minors     Step   nCon Feasible  Optimal  MeritFunction     nS Penalty
    50      4  2.9E-02     64  5.3E-03  1.9E-01  5.7725137E+01     22 8.9E+00
    51      3  5.1E-02     65  9.5E-03  3.3E-01  5.7471980E+01     24 8.9E+00
    52      1  2.3E-02     66  1.1E-02  3.6E-01  5.7298695E+01     24 8.9E+00
    53      1  2.7E-02     67  1.2E-02  1.6E-01  5.7103882E+01     24 8.9E+00
    54      3  4.0E-02     68  1.3E-02  6.3E-02  5.6796278E+01     24 8.9E+00
    55      4  1.3E-01     69  1.8E-03  2.6E-01  5.4953898E+01     23 8.9E+00
    56      3  5.8E-02     70  5.4E-03  2.8E-01  5.4873803E+01     21 8.9E+00
    57      3  1.5E-02     71  5.5E-03  2.4E-01  5.4836073E+01     21 8.9E+00
    58      2  1.1E-02     72  5.6E-03  2.2E-01  5.4801832E+01     20 8.9E+00
    59      4  7.4E-03     73  5.8E-03  1.7E-01  5.4773604E+01     21 8.9E+00

 Major Minors     Step   nCon Feasible  Optimal  MeritFunction     nS Penalty
    60      1  4.3E-03     74  5.9E-03  2.2E-01  5.4751090E+01     21 8.9E+00
    61      1  4.9E-03     75  6.0E-03  2.2E-01  5.4727725E+01     21 8.9E+00
    62      1  5.3E-03     76  6.2E-03  2.1E-01  5.4702175E+01     21 8.9E+00
    63      2  5.7E-03     77  6.4E-03  2.0E-01  5.4672721E+01     22 8.9E+00
    64      1  6.0E-03     78  6.6E-03  1.9E-01  5.4637818E+01     22 8.9E+00
    65      2  5.8E-03     79  6.7E-03  1.8E-01  5.4598596E+01     21 8.9E+00
    66      1  5.7E-03     80  6.9E-03  1.1E-01  5.4556446E+01     21 8.9E+00
    67      1  5.9E-03     81  7.0E-03  1.5E-01  5.4511508E+01     21 8.9E+00
    68      2  6.1E-03     82  7.1E-03  1.2E-01  5.4463379E+01     22 8.9E+00
    69      1  6.9E-03     83  7.2E-03  8.3E-02  5.4410215E+01     22 8.9E+00

 Major Minors     Step   nCon Feasible  Optimal  MeritFunction     nS Penalty
    70      1  8.2E-03     84  7.4E-03  9.6E-02  5.4349871E+01     22 8.9E+00
    71      1  9.4E-03     85  7.5E-03  9.1E-02  5.4283088E+01     22 8.9E+00
    72      1  1.1E-02     86  7.6E-03  6.2E-02  5.4211038E+01     22 8.9E+00
    73      1  1.2E-02     87  7.7E-03  3.9E-02  5.4134412E+01     22 8.9E+00
    74      1  1.3E-02     88  7.8E-03  3.7E-02  5.4054230E+01     22 8.9E+00
    75      1  1.4E-02     89  7.9E-03  4.9E-02  5.3971900E+01     22 8.9E+00
    76      1  1.5E-02     90  8.0E-03  5.3E-02  5.3889104E+01     22 8.9E+00
    77      1  1.6E-02     91  8.0E-03  4.1E-02  5.3807391E+01     22 8.9E+00
    78      1  1.6E-02     92  8.0E-03  3.2E-02  5.3727760E+01     22 8.9E+00
    79      2  1.5E-02     93  8.0E-03  3.1E-02  5.3650523E+01     21 8.9E+00

 Major Minors     Step   nCon Feasible  Optimal  MeritFunction     nS Penalty
    80      1  1.5E-02     94  8.0E-03  1.1E-01  5.3575417E+01     21 8.9E+00
    81      2  2.4E-03     95  8.0E-03  1.3E-01  5.3562379E+01     20 8.9E+00
    82      1  2.6E-03     96  8.0E-03  1.2E-01  5.3548789E+01     20 8.9E+00
    83      2  2.7E-03     97  7.9E-03  1.1E-01  5.3534587E+01     19 8.9E+00
    84      1  2.9E-03     98  7.9E-03  1.0E-01  5.3519557E+01     19 8.9E+00
    85      1  3.2E-03     99  7.9E-03  1.0E-01  5.3503528E+01     19 8.9E+00
    86      1  3.4E-03    100  7.9E-03  9.8E-02  5.3486328E+01     19 8.9E+00
    87      1  3.8E-03    101  7.8E-03  9.7E-02  5.3467787E+01     19 8.9E+00
    88      1  4.1E-03    102  7.8E-03  9.5E-02  5.3447731E+01     19 8.9E+00
    89      1  3.2E-03    103  7.8E-03  9.6E-02  5.3431985E+01     19 8.9E+00

 Major Minors     Step   nCon Feasible  Optimal  MeritFunction     nS Penalty
    90      1  3.5E-03    104  7.8E-03  9.4E-02  5.3414820E+01     19 8.9E+00
    91      1  3.9E-03    105  7.7E-03  9.4E-02  5.3396063E+01     19 8.9E+00
    92      1  4.3E-03    106  7.7E-03  9.3E-02  5.3375508E+01     19 8.9E+00
    93      1  4.8E-03    107  7.7E-03  9.3E-02  5.3352854E+01     19 8.9E+00
    94      1  5.3E-03    108  7.6E-03  9.3E-02  5.3327641E+01     19 8.9E+00
    95      1  6.1E-03    109  7.6E-03  9.2E-02  5.3299103E+01     19 8.9E+00
    96      1  7.1E-03    110  7.6E-03  9.2E-02  5.3265947E+01     19 8.9E+00
    97      1  8.7E-03    111  7.5E-03  9.1E-02  5.3226204E+01     19 8.9E+00
    98      1  1.1E-02    112  7.5E-03  9.0E-02  5.3178304E+01     19 8.9E+00
    99      1  1.1E-02    113  7.5E-03  8.2E-02  5.3126964E+01     19 8.9E+00

 Major Minors     Step   nCon Feasible  Optimal  MeritFunction     nS Penalty
   100      1  7.9E-03    114  7.5E-03  4.3E-02  5.3089039E+01     19 8.9E+00
   101      5  4.1E-03    116  7.5E-03  2.8E-02  5.3067012E+01     17 8.9E+00  M
   102      4  1.8E-02    118  8.3E-03  4.2E-02  5.2995046E+01     18 8.9E+00  M
   103      6  1.4E-02    120  8.9E-03  5.6E-02  5.2930411E+01     19 8.9E+00  M
   104      1  2.4E-03    122  8.9E-03  4.7E-02  5.2909450E+01     19 8.9E+00  M
   105      3  2.5E-03    124  8.9E-03  4.1E-02  5.2887508E+01     21 8.9E+00  M
   106      2  2.6E-03    126  8.9E-03  5.5E-02  5.2864298E+01     20 8.9E+00  M
   107      3  3.0E-03    128  8.9E-03  7.1E-02  5.2837941E+01     20 8.9E+00  M
   108      1  3.0E-03    130  8.9E-03  1.0E-01  5.2810479E+01     20 8.9E+00  M
   109      1  3.4E-03    132  8.9E-03  1.3E-01  5.2779930E+01     20 8.9E+00  M

 Major Minors     Step   nCon Feasible  Optimal  MeritFunction     nS Penalty
   110      5  3.5E-03    134  8.9E-03  1.7E-01  5.2747786E+01     24 8.9E+00  M
   111      2  1.8E-02    136  9.8E-03  3.0E-01  5.2656099E+01     23 8.9E+00  M
   112      1  5.2E-03    138  9.8E-03  3.2E-01  5.2605169E+01     23 8.9E+00  M
   113      1  6.5E-03    140  9.8E-03  3.7E-01  5.2540922E+01     23 8.9E+00  M
   114      4  7.8E-03    142  9.9E-03  3.6E-01  5.2461468E+01     26 8.9E+00  M
   115      1  5.5E-02    144  1.1E-02  2.8E-01  5.1966553E+01     26 8.9E+00  M
   116      6  1.8E-01    145  3.7E-03  9.5E-02  5.0454632E+01     23 8.9E+00
   117      4  4.1E-02    146  5.2E-03  7.3E-02  5.0232037E+01     24 8.9E+00
   118      2  3.1E-02    147  5.2E-03  3.9E-02  5.0101852E+01     23 8.9E+00
   119      1  1.8E-02    148  5.2E-03  4.0E-02  5.0037323E+01     23 8.9E+00

 Major Minors     Step   nCon Feasible  Optimal  MeritFunction     nS Penalty
   120      1  2.1E-02    149  5.1E-03  4.0E-02  4.9964120E+01     23 8.9E+00
   121      2  1.9E-02    150  5.0E-03  4.0E-02  4.9899959E+01     22 8.9E+00
   122      2  1.7E-02    151  4.9E-03  4.7E-02  4.9845700E+01     21 8.9E+00
   123      1  1.5E-02    152  4.9E-03  5.0E-02  4.9796662E+01     21 8.9E+00
   124      1  1.5E-02    153  4.8E-03  5.4E-02  4.9751040E+01     21 8.9E+00
   125      1  1.4E-02    154  4.8E-03  5.6E-02  4.9708485E+01     21 8.9E+00
   126      1  1.3E-02    155  4.7E-03  5.8E-02  4.9668812E+01     21 8.9E+00
   127      1  1.3E-02    156  4.7E-03  6.0E-02  4.9631878E+01     21 8.9E+00
   128      1  1.2E-02    157  4.6E-03  6.2E-02  4.9597574E+01     21 8.9E+00
   129      1  1.1E-02    158  4.6E-03  6.3E-02  4.9565779E+01     21 8.9E+00

 Major Minors     Step   nCon Feasible  Optimal  MeritFunction     nS Penalty
   130      1  1.1E-02    159  4.5E-03  6.5E-02  4.9536362E+01     21 8.9E+00
   131      1  9.9E-03    160  4.5E-03  6.6E-02  4.9509282E+01     21 8.9E+00
   132      1  9.2E-03    161  4.5E-03  6.7E-02  4.9484422E+01     21 8.9E+00
   133      1  8.5E-03    162  4.4E-03  6.7E-02  4.9461644E+01     21 8.9E+00
   134      1  7.9E-03    163  4.4E-03  6.8E-02  4.9440795E+01     21 8.9E+00
   135      1  7.3E-03    164  4.4E-03  6.8E-02  4.9421710E+01     21 8.9E+00
   136      1  6.7E-03    165  4.4E-03  6.9E-02  4.9404236E+01     21 8.9E+00
   137      1  6.2E-03    166  4.4E-03  6.9E-02  4.9388212E+01     21 8.9E+00
   138      1  5.7E-03    167  4.3E-03  6.9E-02  4.9373490E+01     21 8.9E+00
   139      1  5.3E-03    168  4.3E-03  6.9E-02  4.9359930E+01     21 8.9E+00

 Major Minors     Step   nCon Feasible  Optimal  MeritFunction     nS Penalty
   140      1  4.9E-03    169  4.3E-03  7.0E-02  4.9347412E+01     21 8.9E+00
   141      1  4.5E-03    170  4.3E-03  7.0E-02  4.9335818E+01     21 8.9E+00
   142      1  4.2E-03    171  4.3E-03  7.0E-02  4.9325051E+01     21 8.9E+00
   143      1  3.9E-03    172  4.3E-03  7.0E-02  4.9315020E+01     21 8.9E+00
   144      1  3.7E-03    173  4.3E-03  7.0E-02  4.9305648E+01     21 8.9E+00
   145      1  3.5E-03    174  4.3E-03  7.0E-02  4.9296866E+01     21 8.9E+00
   146      1  3.3E-03    175  4.3E-03  7.0E-02  4.9288614E+01     21 8.9E+00
   147      1  3.1E-03    176  4.2E-03  7.0E-02  4.9280838E+01     21 8.9E+00
   148      1  2.9E-03    177  4.2E-03  7.0E-02  4.9273494E+01     21 8.9E+00
   149      1  2.7E-03    178  4.2E-03  7.0E-02  4.9266540E+01     21 8.9E+00

 Major Minors     Step   nCon Feasible  Optimal  MeritFunction     nS Penalty
   150      1  2.6E-03    179  4.2E-03  7.0E-02  4.9259940E+01     21 8.9E+00
   151      1  2.5E-03    180  4.2E-03  7.0E-02  4.9253662E+01     21 8.9E+00
   152      1  2.4E-03    181  4.2E-03  7.0E-02  4.9247679E+01     21 8.9E+00
   153      1  2.2E-03    182  4.2E-03  7.0E-02  4.9241964E+01     21 8.9E+00
   154      1  2.2E-03    183  4.2E-03  7.0E-02  4.9236498E+01     21 8.9E+00
   155      1  2.1E-03    184  4.2E-03  7.0E-02  4.9231261E+01     21 8.9E+00
   156      1  2.0E-03    185  4.2E-03  7.0E-02  4.9226234E+01     21 8.9E+00
   157      1  1.9E-03    186  4.2E-03  7.0E-02  4.9221400E+01     21 8.9E+00
   158      1  1.8E-03    187  4.2E-03  7.0E-02  4.9216750E+01     21 8.9E+00
   159      1  1.8E-03    188  4.2E-03  7.0E-02  4.9212265E+01     21 8.9E+00

 Major Minors     Step   nCon Feasible  Optimal  MeritFunction     nS Penalty
   160      1  1.7E-03    189  4.2E-03  7.0E-02  4.9207936E+01     21 8.9E+00
   161      1  1.6E-03    190  4.2E-03  7.0E-02  4.9203752E+01     21 8.9E+00
   162      1  1.6E-03    191  4.2E-03  7.0E-02  4.9199704E+01     21 8.9E+00
   163      1  1.5E-03    192  4.2E-03  7.0E-02  4.9195786E+01     21 8.9E+00
   164      1  1.5E-03    193  4.2E-03  7.0E-02  4.9191986E+01     21 8.9E+00
   165      1  1.4E-03    194  4.2E-03  7.0E-02  4.9188298E+01     21 8.9E+00
   166      1  1.4E-03    195  4.2E-03  7.0E-02  4.9184714E+01     21 8.9E+00
   167      1  1.4E-03    196  4.2E-03  7.0E-02  4.9181230E+01     21 8.9E+00
   168      1  1.3E-03    197  4.2E-03  7.0E-02  4.9177839E+01     21 8.9E+00
   169      1  1.3E-03    198  4.2E-03  6.9E-02  4.9174537E+01     21 8.9E+00

 Major Minors     Step   nCon Feasible  Optimal  MeritFunction     nS Penalty
   170      1  1.2E-03    199  4.2E-03  6.9E-02  4.9171321E+01     21 8.9E+00
   171      1  1.2E-03    200  4.2E-03  6.9E-02  4.9168183E+01     21 8.9E+00
   172      1  1.2E-03    201  4.2E-03  6.9E-02  4.9165121E+01     21 8.9E+00
   173      1  1.2E-03    202  4.1E-03  6.9E-02  4.9162128E+01     21 8.9E+00
   174      1  1.1E-03    203  4.1E-03  6.9E-02  4.9159204E+01     21 8.9E+00
   175      1  1.1E-03    204  4.1E-03  6.9E-02  4.9156343E+01     21 8.9E+00
   176      1  1.1E-03    205  4.1E-03  6.9E-02  4.9153544E+01     21 8.9E+00
   177      1  1.1E-03    206  4.1E-03  6.9E-02  4.9150807E+01     21 8.9E+00
   178      1  1.0E-03    207  4.1E-03  6.9E-02  4.9148124E+01     21 8.9E+00
   179      1  1.0E-03    208  4.1E-03  6.9E-02  4.9145492E+01     21 8.9E+00

 Major Minors     Step   nCon Feasible  Optimal  MeritFunction     nS Penalty
   180      1  9.9E-04    209  4.1E-03  6.9E-02  4.9142912E+01     21 8.9E+00
   181      1  9.7E-04    210  4.1E-03  6.9E-02  4.9140383E+01     21 8.9E+00
   182      1  9.5E-04    211  4.1E-03  6.9E-02  4.9137897E+01     21 8.9E+00
   183      1  9.3E-04    212  4.1E-03  6.9E-02  4.9135458E+01     21 8.9E+00
   184      1  9.2E-04    213  4.1E-03  6.8E-02  4.9133058E+01     21 8.9E+00
   185      1  9.0E-04    214  4.1E-03  6.9E-02  4.9130704E+01     21 8.9E+00
   186      1  8.8E-04    215  4.1E-03  6.8E-02  4.9128385E+01     21 8.9E+00
   187      1  8.7E-04    216  4.1E-03  6.8E-02  4.9126107E+01     21 8.9E+00
   188      1  8.5E-04    217  4.1E-03  6.8E-02  4.9123863E+01     21 8.9E+00
   189      1  8.4E-04    218  4.1E-03  6.8E-02  4.9121653E+01     21 8.9E+00

 Major Minors     Step   nCon Feasible  Optimal  MeritFunction     nS Penalty
   190      1  8.2E-04    219  4.1E-03  6.8E-02  4.9119481E+01     21 8.9E+00
   191      1  8.1E-04    220  4.1E-03  6.8E-02  4.9117339E+01     21 8.9E+00
   192      1  8.0E-04    221  4.1E-03  6.8E-02  4.9115227E+01     21 8.9E+00
   193      1  7.9E-04    222  4.1E-03  6.8E-02  4.9113147E+01     21 8.9E+00
   194      1  7.8E-04    223  4.1E-03  6.8E-02  4.9111095E+01     21 8.9E+00
   195      1  7.7E-04    224  4.1E-03  6.8E-02  4.9109070E+01     21 8.9E+00
   196      1  7.5E-04    225  4.1E-03  6.8E-02  4.9107074E+01     21 8.9E+00
   197      1  7.4E-04    226  4.1E-03  6.7E-02  4.9105102E+01     21 8.9E+00
   198      1  7.3E-04    227  4.1E-03  6.7E-02  4.9103157E+01     21 8.9E+00
   199      1  7.2E-04    228  4.1E-03  6.7E-02  4.9101239E+01     21 8.9E+00

 Major Minors     Step   nCon Feasible  Optimal  MeritFunction     nS Penalty
   200      1  7.2E-04    229  4.1E-03  6.8E-02  4.9099340E+01     21 8.9E+00
   201      1  7.1E-04    230  4.1E-03  6.7E-02  4.9097461E+01     21 8.9E+00
   202      1  7.0E-04    231  4.1E-03  6.7E-02  4.9095605E+01     21 8.9E+00
   203      1  6.9E-04    232  4.1E-03  6.7E-02  4.9093773E+01     21 8.9E+00
   204      1  6.8E-04    233  4.1E-03  6.7E-02  4.9091964E+01     21 8.9E+00
   205      1  6.7E-04    234  4.1E-03  6.7E-02  4.9090169E+01     21 8.9E+00
   206      1  6.7E-04    235  4.1E-03  6.7E-02  4.9088397E+01     21 8.9E+00
   207      1  6.6E-04    236  4.1E-03  6.7E-02  4.9086643E+01     21 8.9E+00
   208      1  6.5E-04    237  4.1E-03  6.7E-02  4.9084907E+01     21 8.9E+00
   209      1  6.4E-04    238  4.1E-03  6.7E-02  4.9083190E+01     21 8.9E+00

 Major Minors     Step   nCon Feasible  Optimal  MeritFunction     nS Penalty
   210      1  6.4E-04    239  4.1E-03  6.7E-02  4.9081487E+01     21 8.9E+00
   211      1  6.3E-04    240  4.1E-03  6.6E-02  4.9079802E+01     21 8.9E+00
   212      1  6.2E-04    241  4.1E-03  6.6E-02  4.9078133E+01     21 8.9E+00
   213      1  6.2E-04    242  4.1E-03  6.6E-02  4.9076480E+01     21 8.9E+00
   214      1  6.1E-04    243  4.1E-03  6.6E-02  4.9074842E+01     21 8.9E+00
   215      1  6.1E-04    244  4.1E-03  6.6E-02  4.9073219E+01     21 8.9E+00
   216      1  6.0E-04    245  4.1E-03  6.6E-02  4.9071608E+01     21 8.9E+00
   217      1  6.0E-04    246  4.1E-03  6.6E-02  4.9070013E+01     21 8.9E+00
   218      1  5.9E-04    247  4.1E-03  6.6E-02  4.9068435E+01     21 8.9E+00
   219      1  5.9E-04    248  4.1E-03  6.6E-02  4.9066861E+01     21 8.9E+00

 Major Minors     Step   nCon Feasible  Optimal  MeritFunction     nS Penalty
   220      1  5.8E-04    249  4.1E-03  6.6E-02  4.9065308E+01     21 8.9E+00
   221      1  5.8E-04    250  4.1E-03  6.6E-02  4.9063765E+01     21 8.9E+00
   222      1  5.7E-04    251  4.1E-03  6.6E-02  4.9062234E+01     21 8.9E+00
   223      1  5.7E-04    252  4.1E-03  6.6E-02  4.9060714E+01     21 8.9E+00
   224      1  5.6E-04    253  4.1E-03  6.5E-02  4.9059203E+01     21 8.9E+00
   225      1  5.6E-04    254  4.1E-03  6.6E-02  4.9057710E+01     21 8.9E+00
   226      1  5.6E-04    255  4.1E-03  6.6E-02  4.9056220E+01     21 8.9E+00
   227      1  5.5E-04    256  4.1E-03  6.5E-02  4.9054746E+01     21 8.9E+00
   228      1  5.5E-04    257  4.1E-03  6.6E-02  4.9053282E+01     21 8.9E+00
   229      1  5.5E-04    258  4.1E-03  6.5E-02  4.9051820E+01     21 8.9E+00

 Major Minors     Step   nCon Feasible  Optimal  MeritFunction     nS Penalty
   230      1  5.4E-04    259  4.1E-03  6.5E-02  4.9050379E+01     21 8.9E+00
   231      1  5.4E-04    260  4.1E-03  6.5E-02  4.9048938E+01     21 8.9E+00
   232      1  5.3E-04    261  4.1E-03  6.5E-02  4.9047512E+01     21 8.9E+00
   233      1  5.3E-04    262  4.1E-03  6.5E-02  4.9046096E+01     21 8.9E+00
   234      1  5.3E-04    263  4.1E-03  6.5E-02  4.9044685E+01     21 8.9E+00
   235      1  5.2E-04    264  4.1E-03  6.5E-02  4.9043284E+01     21 8.9E+00
   236      1  5.2E-04    265  4.1E-03  6.5E-02  4.9041886E+01     21 8.9E+00
   237      1  5.2E-04    266  4.1E-03  6.5E-02  4.9040501E+01     21 8.9E+00
   238      1  5.1E-04    267  4.1E-03  6.5E-02  4.9039129E+01     21 8.9E+00
   239      1  5.1E-04    268  4.1E-03  6.5E-02  4.9037757E+01     21 8.9E+00

 Major Minors     Step   nCon Feasible  Optimal  MeritFunction     nS Penalty
   240      1  5.1E-04    269  4.1E-03  6.5E-02  4.9036395E+01     21 8.9E+00
   241      1  5.1E-04    270  4.1E-03  6.5E-02  4.9035038E+01     21 8.9E+00
   242      1  5.0E-04    271  4.1E-03  6.5E-02  4.9033689E+01     21 8.9E+00
   243      1  5.0E-04    272  4.1E-03  6.5E-02  4.9032349E+01     21 8.9E+00
   244      1  5.0E-04    273  4.1E-03  6.5E-02  4.9031010E+01     21 8.9E+00
   245      1  4.9E-04    274  4.1E-03  6.5E-02  4.9029687E+01     21 8.9E+00
   246      1  4.9E-04    275  4.1E-03  6.5E-02  4.9028364E+01     21 8.9E+00
   247      1  4.9E-04    276  4.1E-03  6.5E-02  4.9027052E+01     21 8.9E+00
   248      1  4.9E-04    277  4.1E-03  6.5E-02  4.9025740E+01     21 8.9E+00
   249      1  4.9E-04    278  4.1E-03  6.4E-02  4.9024435E+01     21 8.9E+00

 Major Minors     Step   nCon Feasible  Optimal  MeritFunction     nS Penalty
   250      1  4.8E-04    279  4.1E-03  6.4E-02  4.9023135E+01     21 8.9E+00
   251      1  4.8E-04    280  4.1E-03  6.4E-02  4.9021845E+01     21 8.9E+00
   252      1  4.8E-04    281  4.1E-03  6.5E-02  4.9020559E+01     21 8.9E+00
   253      1  4.8E-04    282  4.1E-03  6.5E-02  4.9019271E+01     21 8.9E+00
   254      1  4.8E-04    283  4.1E-03  6.4E-02  4.9017993E+01     21 8.9E+00
   255      1  4.7E-04    284  4.1E-03  6.4E-02  4.9016724E+01     21 8.9E+00
   256      1  4.7E-04    285  4.1E-03  6.4E-02  4.9015452E+01     21 8.9E+00
   257      1  4.7E-04    286  4.1E-03  6.4E-02  4.9014192E+01     21 8.9E+00
   258      1  4.7E-04    287  4.1E-03  6.4E-02  4.9012937E+01     21 8.9E+00
   259      1  4.7E-04    288  4.1E-03  6.4E-02  4.9011681E+01     21 8.9E+00

 Major Minors     Step   nCon Feasible  Optimal  MeritFunction     nS Penalty
   260      1  4.7E-04    289  4.1E-03  6.4E-02  4.9010429E+01     21 8.9E+00
   261      1  4.7E-04    290  4.1E-03  6.4E-02  4.9009181E+01     21 8.9E+00
   262      1  4.6E-04    291  4.1E-03  6.4E-02  4.9007939E+01     21 8.9E+00
   263      1  4.6E-04    292  4.1E-03  6.4E-02  4.9006703E+01     21 8.9E+00
   264      1  4.6E-04    293  4.1E-03  6.4E-02  4.9005470E+01     21 8.9E+00
   265      1  3.1E-05    294  4.1E-03  6.4E-02  4.9005387E+01     21 8.9E+00
   266      1  4.6E-04    295  4.1E-03  6.4E-02  4.9004157E+01     21 8.9E+00
   267      1  4.6E-04    296  4.1E-03  6.4E-02  4.9002928E+01     21 8.9E+00
   268      1  4.6E-04    297  4.1E-03  6.4E-02  4.9001702E+01     21 8.9E+00
   269      1  4.5E-04    298  4.1E-03  6.4E-02  4.9000488E+01     21 8.9E+00

 Major Minors     Step   nCon Feasible  Optimal  MeritFunction     nS Penalty
   270      1  4.6E-04    299  4.1E-03  6.4E-02  4.8999270E+01     21 8.9E+00
   271      1  4.5E-04    300  4.1E-03  6.4E-02  4.8998059E+01     21 8.9E+00
   272      1  4.5E-04    301  4.1E-03  6.4E-02  4.8996848E+01     21 8.9E+00
   273      1  4.5E-04    302  4.1E-03  6.4E-02  4.8995643E+01     21 8.9E+00
   274      1  4.5E-04    303  4.1E-03  6.4E-02  4.8994438E+01     21 8.9E+00
   275      1  4.5E-04    304  4.1E-03  6.4E-02  4.8993232E+01     21 8.9E+00
   276      1  4.5E-04    305  4.1E-03  6.4E-02  4.8992034E+01     21 8.9E+00
   277      1  4.5E-04    306  4.1E-03  6.4E-02  4.8990838E+01     21 8.9E+00
   278      1  4.5E-04    307  4.1E-03  6.4E-02  4.8989645E+01     21 8.9E+00
   279      1  4.5E-04    308  4.1E-03  6.4E-02  4.8988453E+01     21 8.9E+00

 Major Minors     Step   nCon Feasible  Optimal  MeritFunction     nS Penalty
   280      1  4.5E-04    309  4.1E-03  6.4E-02  4.8987261E+01     21 8.9E+00
   281      1  4.4E-04    310  4.1E-03  6.4E-02  4.8986076E+01     21 8.9E+00
   282      1  4.4E-04    311  4.1E-03  6.4E-02  4.8984894E+01     21 8.9E+00
   283      1  4.5E-04    312  4.1E-03  6.4E-02  4.8983704E+01     21 8.9E+00
   284      1  4.4E-04    313  4.1E-03  6.4E-02  4.8982529E+01     21 8.9E+00
   285      1  4.4E-04    314  4.1E-03  6.4E-02  4.8981349E+01     21 8.9E+00
   286      1  4.5E-04    315  4.1E-03  6.4E-02  4.8980168E+01     21 8.9E+00
   287      1  4.5E-04    316  4.1E-03  6.4E-02  4.8978987E+01     21 8.9E+00
   288      1  4.4E-04    317  4.1E-03  6.4E-02  4.8977816E+01     21 8.9E+00
   289      1  4.5E-04    318  4.1E-03  6.4E-02  4.8976638E+01     21 8.9E+00

 Major Minors     Step   nCon Feasible  Optimal  MeritFunction     nS Penalty
   290      1  4.4E-04    319  4.1E-03  6.4E-02  4.8975468E+01     21 8.9E+00
   291      1  4.5E-04    320  4.1E-03  6.4E-02  4.8974292E+01     21 8.9E+00
   292      1  4.4E-04    321  4.1E-03  6.4E-02  4.8973128E+01     21 8.9E+00
   293      1  4.4E-04    322  4.1E-03  6.4E-02  4.8971958E+01     21 8.9E+00
   294      1  4.4E-04    323  4.1E-03  6.4E-02  4.8970793E+01     21 8.9E+00
   295      1  4.4E-04    324  4.1E-03  6.4E-02  4.8969624E+01     21 8.9E+00
   296      1  4.4E-04    325  4.1E-03  6.4E-02  4.8968457E+01     21 8.9E+00
   297      1  4.4E-04    326  4.1E-03  6.4E-02  4.8967291E+01     21 8.9E+00
   298      1  4.4E-04    327  4.1E-03  6.4E-02  4.8966125E+01     21 8.9E+00
   299      1  4.4E-04    328  4.1E-03  6.4E-02  4.8964966E+01     21 8.9E+00

 Major Minors     Step   nCon Feasible  Optimal  MeritFunction     nS Penalty
   300      1  4.4E-04    329  4.1E-03  6.5E-02  4.8963805E+01     21 8.9E+00
   301      1  4.5E-04    330  4.1E-03  6.5E-02  4.8962634E+01     21 8.9E+00
   302      1  4.4E-04    331  4.1E-03  6.4E-02  4.8961473E+01     21 8.9E+00
   303      1  4.4E-04    332  4.1E-03  6.4E-02  4.8960313E+01     21 8.9E+00
   304      1  4.4E-04    333  4.1E-03  6.4E-02  4.8959152E+01     21 8.9E+00
   305      1  4.4E-04    334  4.0E-03  6.5E-02  4.8957993E+01     21 8.9E+00
   306      1  4.4E-04    335  4.0E-03  6.5E-02  4.8956832E+01     21 8.9E+00
   307      1  4.5E-04    336  4.0E-03  6.4E-02  4.8955669E+01     21 8.9E+00
   308      1  4.4E-04    337  4.0E-03  6.5E-02  4.8954513E+01     21 8.9E+00
   309      1  4.5E-04    338  4.0E-03  6.5E-02  4.8953352E+01     21 8.9E+00

 Major Minors     Step   nCon Feasible  Optimal  MeritFunction     nS Penalty
   310      1  4.5E-04    339  4.0E-03  6.5E-02  4.8952187E+01     21 8.9E+00
   311      1  4.4E-04    340  4.0E-03  6.4E-02  4.8951030E+01     21 8.9E+00
   312      1  4.4E-04    341  4.0E-03  6.5E-02  4.8949874E+01     21 8.9E+00
   313      1  4.5E-04    342  4.0E-03  6.5E-02  4.8948712E+01     21 8.9E+00
   314      1  4.5E-04    343  4.0E-03  6.5E-02  4.8947544E+01     21 8.9E+00
   315      1  4.5E-04    344  4.0E-03  6.5E-02  4.8946379E+01     21 8.9E+00
   316      1  4.5E-04    345  4.0E-03  6.5E-02  4.8945220E+01     21 8.9E+00
   317      1  4.5E-04    346  4.0E-03  6.5E-02  4.8944056E+01     21 8.9E+00
   318      1  4.5E-04    347  4.0E-03  6.5E-02  4.8942896E+01     21 8.9E+00
   319      1  4.5E-04    348  4.0E-03  6.5E-02  4.8941736E+01     21 8.9E+00

 Major Minors     Step   nCon Feasible  Optimal  MeritFunction     nS Penalty
   320      1  4.5E-04    349  4.0E-03  6.5E-02  4.8940566E+01     21 8.9E+00
   321      1  4.5E-04    350  4.0E-03  6.5E-02  4.8939400E+01     21 8.9E+00
   322      1  4.5E-04    351  4.0E-03  6.5E-02  4.8938238E+01     21 8.9E+00
   323      1  4.5E-04    352  4.0E-03  6.5E-02  4.8937071E+01     21 8.9E+00
   324      1  4.5E-04    353  4.0E-03  6.5E-02  4.8935909E+01     21 8.9E+00
   325      1  4.6E-04    354  4.0E-03  6.5E-02  4.8934739E+01     21 8.9E+00
   326      1  4.6E-04    355  4.0E-03  6.6E-02  4.8933563E+01     21 8.9E+00
   327      1  4.6E-04    356  4.0E-03  6.6E-02  4.8932395E+01     21 8.9E+00
   328      1  4.6E-04    357  4.0E-03  6.5E-02  4.8931223E+01     21 8.9E+00
   329      1  4.6E-04    358  4.0E-03  6.6E-02  4.8930053E+01     21 8.9E+00

 Major Minors     Step   nCon Feasible  Optimal  MeritFunction     nS Penalty
   330      1  4.6E-04    359  4.0E-03  6.6E-02  4.8928878E+01     21 8.9E+00
   331      1  4.6E-04    360  4.0E-03  6.6E-02  4.8927703E+01     21 8.9E+00
   332      1  4.6E-04    361  4.0E-03  6.6E-02  4.8926525E+01     21 8.9E+00
   333      1  4.6E-04    362  4.0E-03  6.6E-02  4.8925350E+01     21 8.9E+00
   334      1  4.7E-04    363  4.0E-03  6.6E-02  4.8924168E+01     21 8.9E+00
   335      1  4.6E-04    364  4.0E-03  6.6E-02  4.8922992E+01     21 8.9E+00
   336      1  4.7E-04    365  4.0E-03  6.6E-02  4.8921809E+01     21 8.9E+00
   337      1  4.7E-04    366  4.0E-03  6.6E-02  4.8920627E+01     21 8.9E+00
   338      1  4.7E-04    367  4.0E-03  6.6E-02  4.8919440E+01     21 8.9E+00
   339      1  4.7E-04    368  4.0E-03  6.6E-02  4.8918249E+01     21 8.9E+00

 Major Minors     Step   nCon Feasible  Optimal  MeritFunction     nS Penalty
   340      1  4.7E-04    369  4.0E-03  6.6E-02  4.8917060E+01     21 8.9E+00
   341      1  4.7E-04    370  4.0E-03  6.6E-02  4.8915869E+01     21 8.9E+00
   342      1  4.7E-04    371  4.0E-03  6.6E-02  4.8914678E+01     21 8.9E+00
   343      1  4.8E-04    372  4.0E-03  6.7E-02  4.8913483E+01     21 8.9E+00
   344      1  4.8E-04    373  4.0E-03  6.7E-02  4.8912284E+01     21 8.9E+00
   345      1  4.7E-04    374  4.0E-03  6.7E-02  4.8911092E+01     21 8.9E+00
   346      1  4.8E-04    375  4.0E-03  6.7E-02  4.8909888E+01     21 8.9E+00
   347      1  4.8E-04    376  4.0E-03  6.7E-02  4.8908688E+01     21 8.9E+00
   348      1  4.8E-04    377  4.0E-03  6.7E-02  4.8907479E+01     21 8.9E+00
   349      1  4.8E-04    378  4.0E-03  6.7E-02  4.8906271E+01     21 8.9E+00

 Major Minors     Step   nCon Feasible  Optimal  MeritFunction     nS Penalty
   350      1  4.8E-04    379  4.0E-03  6.7E-02  4.8905067E+01     21 8.9E+00
   351      1  4.9E-04    380  4.0E-03  6.7E-02  4.8903847E+01     21 8.9E+00
   352      1  4.8E-04    381  4.0E-03  6.7E-02  4.8902643E+01     21 8.9E+00
   353      1  4.9E-04    382  4.0E-03  6.7E-02  4.8901422E+01     21 8.9E+00
   354      1  4.9E-04    383  4.0E-03  6.7E-02  4.8900206E+01     21 8.9E+00
   355      1  4.9E-04    384  4.0E-03  6.8E-02  4.8898990E+01     21 8.9E+00
   356      1  5.0E-04    385  4.0E-03  6.8E-02  4.8897763E+01     21 8.9E+00
   357      1  5.0E-04    386  4.0E-03  6.8E-02  4.8896532E+01     21 8.9E+00
   358      1  5.0E-04    387  4.0E-03  6.8E-02  4.8895306E+01     21 8.9E+00
   359      1  5.0E-04    388  4.0E-03  6.8E-02  4.8894073E+01     21 8.9E+00

 Major Minors     Step   nCon Feasible  Optimal  MeritFunction     nS Penalty
   360      1  5.0E-04    389  4.0E-03  6.8E-02  4.8892840E+01     21 8.9E+00
   361      1  5.0E-04    390  4.0E-03  6.8E-02  4.8891607E+01     21 8.9E+00
   362      1  5.1E-04    391  4.0E-03  6.8E-02  4.8890361E+01     21 8.9E+00
   363      1  5.1E-04    392  4.0E-03  6.8E-02  4.8889115E+01     21 8.9E+00
   364      1  5.1E-04    393  4.0E-03  6.8E-02  4.8887873E+01     21 8.9E+00
   365      1  5.1E-04    394  4.0E-03  6.8E-02  4.8886630E+01     21 8.9E+00
   366      1  5.2E-04    395  4.0E-03  6.9E-02  4.8885371E+01     21 8.9E+00
   367      1  5.2E-04    396  4.0E-03  6.9E-02  4.8884117E+01     21 8.9E+00
   368      1  5.2E-04    397  4.0E-03  6.9E-02  4.8882864E+01     21 8.9E+00
   369      1  5.2E-04    398  4.0E-03  6.9E-02  4.8881602E+01     21 8.9E+00

 Major Minors     Step   nCon Feasible  Optimal  MeritFunction     nS Penalty
   370      1  5.2E-04    399  4.0E-03  6.9E-02  4.8880337E+01     21 8.9E+00
   371      1  5.3E-04    400  4.0E-03  6.9E-02  4.8879069E+01     21 8.9E+00
   372      1  5.3E-04    401  4.0E-03  6.9E-02  4.8877796E+01     21 8.9E+00
   373      1  5.3E-04    402  4.0E-03  6.9E-02  4.8876518E+01     21 8.9E+00
   374      1  5.3E-04    403  4.0E-03  7.0E-02  4.8875238E+01     21 8.9E+00
   375      1  5.4E-04    404  4.0E-03  7.0E-02  4.8873955E+01     21 8.9E+00
   376      1  5.3E-04    405  4.0E-03  7.0E-02  4.8872675E+01     21 8.9E+00
   377      1  5.4E-04    406  4.0E-03  7.0E-02  4.8871381E+01     21 8.9E+00
   378      1  5.4E-04    407  4.0E-03  7.0E-02  4.8870098E+01     21 8.9E+00
   379      1  5.5E-04    408  4.0E-03  7.0E-02  4.8868800E+01     21 8.9E+00

 Major Minors     Step   nCon Feasible  Optimal  MeritFunction     nS Penalty
   380      1  5.5E-04    409  4.0E-03  7.0E-02  4.8867501E+01     21 8.9E+00
   381      1  5.5E-04    410  4.0E-03  7.0E-02  4.8866196E+01     21 8.9E+00
   382      1  5.5E-04    411  4.0E-03  7.0E-02  4.8864888E+01     21 8.9E+00
   383      1  5.5E-04    412  4.0E-03  7.0E-02  4.8863579E+01     21 8.9E+00
   384      1  5.6E-04    413  4.0E-03  7.1E-02  4.8862263E+01     21 8.9E+00
   385      1  5.6E-04    414  4.0E-03  7.1E-02  4.8860938E+01     21 8.9E+00
   386      1  5.6E-04    415  4.0E-03  7.1E-02  4.8859617E+01     21 8.9E+00
   387      1  5.7E-04    416  4.0E-03  7.1E-02  4.8858288E+01     21 8.9E+00
   388      1  5.7E-04    417  4.0E-03  7.1E-02  4.8856958E+01     21 8.9E+00
   389      1  5.7E-04    418  4.0E-03  7.1E-02  4.8855621E+01     21 8.9E+00

 Major Minors     Step   nCon Feasible  Optimal  MeritFunction     nS Penalty
   390      1  5.7E-04    419  4.0E-03  7.1E-02  4.8854283E+01     21 8.9E+00
   391      1  5.8E-04    420  4.0E-03  7.2E-02  4.8852939E+01     21 8.9E+00
   392      1  5.8E-04    421  4.0E-03  7.2E-02  4.8851588E+01     21 8.9E+00
   393      1  5.8E-04    422  4.0E-03  7.2E-02  4.8850235E+01     21 8.9E+00
   394      1  5.9E-04    423  4.0E-03  7.2E-02  4.8848875E+01     21 8.9E+00
   395      1  5.9E-04    424  4.0E-03  7.2E-02  4.8847511E+01     21 8.9E+00
   396      1  5.9E-04    425  4.0E-03  7.2E-02  4.8846146E+01     21 8.9E+00
   397      1  6.0E-04    426  4.0E-03  7.2E-02  4.8844772E+01     21 8.9E+00
   398      1  6.0E-04    427  4.0E-03  7.2E-02  4.8843396E+01     21 8.9E+00
   399      1  6.0E-04    428  4.0E-03  7.2E-02  4.8842019E+01     21 8.9E+00

 Major Minors     Step   nCon Feasible  Optimal  MeritFunction     nS Penalty
   400      1  6.1E-04    429  4.0E-03  7.3E-02  4.8840634E+01     21 8.9E+00
   401      1  6.1E-04    430  4.0E-03  7.3E-02  4.8839240E+01     21 8.9E+00
   402      1  6.1E-04    431  4.0E-03  7.3E-02  4.8837846E+01     21 8.9E+00
   403      1  6.2E-04    432  4.0E-03  7.3E-02  4.8836445E+01     21 8.9E+00
   404      1  6.2E-04    433  4.0E-03  7.3E-02  4.8835048E+01     21 8.9E+00
   405      1  6.3E-04    434  4.0E-03  7.3E-02  4.8833634E+01     21 8.9E+00
   406      1  6.3E-04    435  4.0E-03  7.4E-02  4.8832213E+01     21 8.9E+00
   407      1  6.3E-04    436  4.0E-03  7.4E-02  4.8830792E+01     21 8.9E+00
   408      1  6.4E-04    437  4.0E-03  7.4E-02  4.8829363E+01     21 8.9E+00
   409      1  6.4E-04    438  4.0E-03  7.4E-02  4.8827927E+01     21 8.9E+00

 Major Minors     Step   nCon Feasible  Optimal  MeritFunction     nS Penalty
   410      1  6.4E-04    439  4.0E-03  7.4E-02  4.8826493E+01     21 8.9E+00
   411      1  6.5E-04    440  4.0E-03  7.4E-02  4.8825053E+01     21 8.9E+00
   412      1  6.6E-04    441  4.0E-03  7.5E-02  4.8823596E+01     21 8.9E+00
   413      1  6.6E-04    442  4.0E-03  7.5E-02  4.8822141E+01     21 8.9E+00
   414      1  6.6E-04    443  4.0E-03  7.5E-02  4.8820688E+01     21 8.9E+00
   415      1  6.6E-04    444  4.0E-03  7.5E-02  4.8819224E+01     21 8.9E+00
   416      1  6.7E-04    445  4.0E-03  7.5E-02  4.8817755E+01     21 8.9E+00
   417      1  6.7E-04    446  4.0E-03  7.5E-02  4.8816278E+01     21 8.9E+00
   418      1  6.7E-04    447  4.0E-03  7.5E-02  4.8814798E+01     21 8.9E+00
   419      1  6.8E-04    448  4.0E-03  7.6E-02  4.8813306E+01     21 8.9E+00

 Major Minors     Step   nCon Feasible  Optimal  MeritFunction     nS Penalty
   420      1  6.8E-04    449  4.0E-03  7.6E-02  4.8811811E+01     21 8.9E+00
   421      1  6.9E-04    450  4.0E-03  7.6E-02  4.8810309E+01     21 8.9E+00
   422      1  6.9E-04    451  4.0E-03  7.6E-02  4.8808808E+01     21 8.9E+00
   423      1  7.0E-04    452  4.0E-03  7.6E-02  4.8807291E+01     21 8.9E+00
   424      1  7.0E-04    453  4.0E-03  7.6E-02  4.8805774E+01     21 8.9E+00
   425      1  7.1E-04    454  4.0E-03  7.7E-02  4.8804246E+01     21 8.9E+00
   426      1  7.2E-04    455  4.0E-03  7.7E-02  4.8802708E+01     21 8.9E+00
   427      1  7.1E-04    456  4.0E-03  7.7E-02  4.8801173E+01     21 8.9E+00
   428      1  7.2E-04    457  4.0E-03  7.7E-02  4.8799624E+01     21 8.9E+00
   429      1  7.2E-04    458  4.0E-03  7.7E-02  4.8798081E+01     21 8.9E+00

 Major Minors     Step   nCon Feasible  Optimal  MeritFunction     nS Penalty
   430      1  7.4E-04    459  4.0E-03  7.8E-02  4.8796515E+01     21 8.9E+00
   431      1  7.3E-04    460  4.0E-03  7.8E-02  4.8794956E+01     21 8.9E+00
   432      1  7.4E-04    461  4.0E-03  7.8E-02  4.8793381E+01     21 8.9E+00
   433      1  7.4E-04    462  4.0E-03  7.8E-02  4.8791806E+01     21 8.9E+00
   434      1  7.5E-04    463  4.0E-03  7.8E-02  4.8790218E+01     21 8.9E+00
   435      1  7.6E-04    464  4.0E-03  7.8E-02  4.8788622E+01     21 8.9E+00
   436      1  7.6E-04    465  4.0E-03  7.8E-02  4.8787028E+01     21 8.9E+00
   437      1  7.7E-04    466  4.0E-03  7.9E-02  4.8785417E+01     21 8.9E+00
   438      1  7.7E-04    467  4.0E-03  7.9E-02  4.8783806E+01     21 8.9E+00
   439      1  7.8E-04    468  4.0E-03  7.9E-02  4.8782178E+01     21 8.9E+00

 Major Minors     Step   nCon Feasible  Optimal  MeritFunction     nS Penalty
   440      1  7.8E-04    469  4.0E-03  7.9E-02  4.8780551E+01     21 8.9E+00
   441      1  7.9E-04    470  4.0E-03  7.9E-02  4.8778918E+01     21 8.9E+00
   442      1  8.0E-04    471  4.0E-03  8.0E-02  4.8777273E+01     21 8.9E+00
   443      1  8.1E-04    472  4.0E-03  8.0E-02  4.8775619E+01     21 8.9E+00
   444      1  8.1E-04    473  4.0E-03  8.0E-02  4.8773965E+01     21 8.9E+00
   445      1  8.2E-04    474  4.0E-03  8.0E-02  4.8772298E+01     21 8.9E+00
   446      1  8.2E-04    475  3.9E-03  8.0E-02  4.8770620E+01     21 8.9E+00
   447      1  8.3E-04    476  3.9E-03  8.1E-02  4.8768939E+01     21 8.9E+00
   448      1  8.3E-04    477  3.9E-03  8.1E-02  4.8767253E+01     21 8.9E+00
   449      1  8.4E-04    478  3.9E-03  8.1E-02  4.8765555E+01     21 8.9E+00

 Major Minors     Step   nCon Feasible  Optimal  MeritFunction     nS Penalty
   450      1  8.5E-04    479  3.9E-03  8.1E-02  4.8763844E+01     21 8.9E+00
   451      1  8.5E-04    480  3.9E-03  8.1E-02  4.8762130E+01     21 8.9E+00
   452      1  8.6E-04    481  3.9E-03  8.1E-02  4.8760409E+01     21 8.9E+00
   453      1  8.7E-04    482  3.9E-03  8.2E-02  4.8758676E+01     21 8.9E+00
   454      1  8.8E-04    483  3.9E-03  8.2E-02  4.8756932E+01     21 8.9E+00
   455      1  8.8E-04    484  3.9E-03  8.2E-02  4.8755184E+01     21 8.9E+00
   456      1  8.9E-04    485  3.9E-03  8.2E-02  4.8753427E+01     21 8.9E+00
   457      1  9.0E-04    486  3.9E-03  8.2E-02  4.8751661E+01     21 8.9E+00
   458      1  9.1E-04    487  3.9E-03  8.3E-02  4.8749882E+01     21 8.9E+00
   459      1  9.1E-04    488  3.9E-03  8.3E-02  4.8748104E+01     21 8.9E+00

 Major Minors     Step   nCon Feasible  Optimal  MeritFunction     nS Penalty
   460      1  9.2E-04    489  3.9E-03  8.3E-02  4.8746308E+01     21 8.9E+00
   461      1  9.3E-04    490  3.9E-03  8.3E-02  4.8744503E+01     21 8.9E+00
   462      1  9.4E-04    491  3.9E-03  8.3E-02  4.8742691E+01     21 8.9E+00
   463      1  9.4E-04    492  3.9E-03  8.4E-02  4.8740876E+01     21 8.9E+00
   464      1  9.6E-04    493  3.9E-03  8.4E-02  4.8739038E+01     21 8.9E+00
   465      1  9.5E-04    494  3.9E-03  8.4E-02  4.8737205E+01     21 8.9E+00
   466      1  9.7E-04    495  3.9E-03  8.4E-02  4.8735357E+01     21 8.9E+00
   467      1  9.8E-04    496  3.9E-03  8.5E-02  4.8733496E+01     21 8.9E+00
   468      1  9.8E-04    497  3.9E-03  8.5E-02  4.8731631E+01     21 8.9E+00
   469      1  9.9E-04    498  3.9E-03  8.5E-02  4.8729757E+01     21 8.9E+00

 Major Minors     Step   nCon Feasible  Optimal  MeritFunction     nS Penalty
   470      1  1.0E-03    499  3.9E-03  8.5E-02  4.8727860E+01     21 8.9E+00
   471      1  1.0E-03    500  3.9E-03  8.5E-02  4.8725962E+01     21 8.9E+00
   472      1  1.0E-03    501  3.9E-03  8.6E-02  4.8724057E+01     21 8.9E+00
   473      1  1.0E-03    502  3.9E-03  8.6E-02  4.8722133E+01     21 8.9E+00
   474      1  1.0E-03    503  3.9E-03  8.6E-02  4.8720208E+01     21 8.9E+00
   475      1  1.0E-03    504  3.9E-03  8.6E-02  4.8718270E+01     21 8.9E+00
   476      1  1.1E-03    505  3.9E-03  8.6E-02  4.8716321E+01     21 8.9E+00
   477      1  1.1E-03    506  3.9E-03  8.7E-02  4.8714355E+01     21 8.9E+00
   478      1  1.1E-03    507  3.9E-03  8.7E-02  4.8712385E+01     21 8.9E+00
   479      1  1.1E-03    508  3.9E-03  8.7E-02  4.8710411E+01     21 8.9E+00

 Major Minors     Step   nCon Feasible  Optimal  MeritFunction     nS Penalty
   480      1  1.1E-03    509  3.9E-03  8.7E-02  4.8708409E+01     21 8.9E+00
   481      1  1.1E-03    510  3.9E-03  8.7E-02  4.8706410E+01     21 8.9E+00
   482      1  1.1E-03    511  3.9E-03  8.8E-02  4.8704387E+01     21 8.9E+00
   483      1  1.1E-03    512  3.9E-03  8.8E-02  4.8702371E+01     21 8.9E+00
   484      1  1.1E-03    513  3.9E-03  8.8E-02  4.8700328E+01     21 8.9E+00
   485      1  1.2E-03    514  3.9E-03  8.9E-02  4.8698271E+01     21 8.9E+00
   486      1  1.2E-03    515  3.9E-03  8.9E-02  4.8696215E+01     21 8.9E+00
   487      1  1.2E-03    516  3.9E-03  8.9E-02  4.8694149E+01     21 8.9E+00
   488      1  1.2E-03    517  3.9E-03  8.9E-02  4.8692063E+01     21 8.9E+00
   489      1  1.2E-03    518  3.9E-03  9.0E-02  4.8689961E+01     21 8.9E+00

 Major Minors     Step   nCon Feasible  Optimal  MeritFunction     nS Penalty
   490      1  1.2E-03    519  3.9E-03  9.0E-02  4.8687858E+01     21 8.9E+00
   491      1  1.2E-03    520  3.9E-03  9.0E-02  4.8685736E+01     21 8.9E+00
   492      1  1.2E-03    521  3.9E-03  9.0E-02  4.8683602E+01     21 8.9E+00
   493      1  1.2E-03    522  3.9E-03  9.0E-02  4.8681457E+01     21 8.9E+00
   494      1  1.3E-03    523  3.9E-03  9.1E-02  4.8679294E+01     21 8.9E+00
   495      1  1.3E-03    524  3.9E-03  9.1E-02  4.8677126E+01     21 8.9E+00
   496      1  1.3E-03    525  3.9E-03  9.1E-02  4.8674941E+01     21 8.9E+00
   497      1  1.3E-03    526  3.9E-03  9.1E-02  4.8672746E+01     21 8.9E+00
   498      1  1.3E-03    527  3.9E-03  9.2E-02  4.8670538E+01     21 8.9E+00
   499      1  1.3E-03    528  3.9E-03  9.2E-02  4.8668317E+01     21 8.9E+00

 Major Minors     Step   nCon Feasible  Optimal  MeritFunction     nS Penalty
   500      1  1.3E-03    529  3.9E-03  9.2E-02  4.8666072E+01     21 8.9E+00
   501      1  1.3E-03    530  3.9E-03  9.2E-02  4.8663826E+01     21 8.9E+00
   502      1  1.4E-03    531  3.8E-03  9.3E-02  4.8661558E+01     21 8.9E+00
   503      1  1.4E-03    532  3.8E-03  9.3E-02  4.8659279E+01     21 8.9E+00
   504      1  1.4E-03    533  3.8E-03  9.3E-02  4.8656982E+01     21 8.9E+00
   505      1  1.4E-03    534  3.8E-03  9.3E-02  4.8654686E+01     21 8.9E+00
   506      1  1.4E-03    535  3.8E-03  9.4E-02  4.8652366E+01     21 8.9E+00
   507      1  1.4E-03    536  3.8E-03  9.4E-02  4.8650035E+01     21 8.9E+00
   508      1  1.4E-03    537  3.8E-03  9.4E-02  4.8647686E+01     21 8.9E+00
   509      1  1.5E-03    538  3.8E-03  9.4E-02  4.8645322E+01     21 8.9E+00

 Major Minors     Step   nCon Feasible  Optimal  MeritFunction     nS Penalty
   510      1  1.5E-03    539  3.8E-03  9.5E-02  4.8642939E+01     21 8.9E+00
   511      1  1.5E-03    540  3.8E-03  9.5E-02  4.8640550E+01     21 8.9E+00
   512      1  1.5E-03    541  3.8E-03  9.5E-02  4.8638135E+01     21 8.9E+00
   513      1  1.5E-03    542  3.8E-03  9.5E-02  4.8635712E+01     21 8.9E+00
   514      1  1.5E-03    543  3.8E-03  9.6E-02  4.8633283E+01     21 8.9E+00
   515      1  1.6E-03    544  3.8E-03  9.6E-02  4.8630826E+01     21 8.9E+00
   516      1  1.6E-03    545  3.8E-03  9.6E-02  4.8628355E+01     21 8.9E+00
   517      1  1.6E-03    546  3.8E-03  9.6E-02  4.8625868E+01     21 8.9E+00
   518      1  1.6E-03    547  3.8E-03  9.7E-02  4.8623360E+01     21 8.9E+00
   519      1  1.6E-03    548  3.8E-03  9.7E-02  4.8620846E+01     21 8.9E+00

 Major Minors     Step   nCon Feasible  Optimal  MeritFunction     nS Penalty
   520      1  1.7E-03    549  3.8E-03  9.7E-02  4.8618313E+01     21 8.9E+00
   521      1  1.7E-03    550  3.8E-03  9.8E-02  4.8615757E+01     21 8.9E+00
   522      1  1.7E-03    551  3.8E-03  9.8E-02  4.8613189E+01     21 8.9E+00
   523      1  1.7E-03    552  3.8E-03  9.8E-02  4.8610600E+01     21 8.9E+00
   524      1  1.7E-03    553  3.8E-03  9.8E-02  4.8608006E+01     21 8.9E+00
   525      1  1.8E-03    554  3.8E-03  9.9E-02  4.8605380E+01     21 8.9E+00
   526      1  1.8E-03    555  3.8E-03  9.9E-02  4.8602743E+01     21 8.9E+00
   527      1  1.8E-03    556  3.8E-03  9.9E-02  4.8600085E+01     21 8.9E+00
   528      1  1.8E-03    557  3.8E-03  1.0E-01  4.8597411E+01     21 8.9E+00
   529      1  1.8E-03    558  3.8E-03  1.0E-01  4.8594719E+01     21 8.9E+00

 Major Minors     Step   nCon Feasible  Optimal  MeritFunction     nS Penalty
   530      1  1.9E-03    559  3.8E-03  1.0E-01  4.8592012E+01     21 8.9E+00
   531      1  1.9E-03    560  3.8E-03  1.0E-01  4.8589283E+01     21 8.9E+00
   532      1  1.9E-03    561  3.7E-03  1.0E-01  4.8586537E+01     21 8.9E+00
   533      1  1.9E-03    562  3.7E-03  1.0E-01  4.8583778E+01     21 8.9E+00
   534      1  2.0E-03    563  3.7E-03  1.0E-01  4.8580978E+01     21 8.9E+00
   535      1  2.0E-03    564  3.7E-03  1.0E-01  4.8578175E+01     21 8.9E+00
   536      1  2.0E-03    565  3.7E-03  1.0E-01  4.8575344E+01     21 8.9E+00
   537      1  2.0E-03    566  3.7E-03  1.0E-01  4.8572498E+01     21 8.9E+00
   538      1  2.0E-03    567  3.7E-03  1.0E-01  4.8569639E+01     21 8.9E+00
   539      1  2.1E-03    568  3.7E-03  1.0E-01  4.8566764E+01     21 8.9E+00

 Major Minors     Step   nCon Feasible  Optimal  MeritFunction     nS Penalty
   540      1  2.1E-03    569  3.7E-03  1.0E-01  4.8563846E+01     21 8.9E+00
   541      1  2.1E-03    570  3.7E-03  1.0E-01  4.8560922E+01     21 8.9E+00
   542      1  2.2E-03    571  3.7E-03  1.0E-01  4.8557976E+01     21 8.9E+00
   543      1  2.2E-03    572  3.7E-03  1.0E-01  4.8555003E+01     21 8.9E+00
   544      1  2.2E-03    573  3.7E-03  1.0E-01  4.8552014E+01     21 8.9E+00
   545      1  2.3E-03    574  3.7E-03  1.0E-01  4.8548998E+01     21 8.9E+00
   546      1  2.3E-03    575  3.7E-03  1.0E-01  4.8545959E+01     21 8.9E+00
   547      1  2.3E-03    576  3.7E-03  1.1E-01  4.8542902E+01     21 8.9E+00
   548      1  2.3E-03    577  3.7E-03  1.1E-01  4.8539820E+01     21 8.9E+00
   549      1  2.4E-03    578  3.7E-03  1.1E-01  4.8536718E+01     21 8.9E+00

 Major Minors     Step   nCon Feasible  Optimal  MeritFunction     nS Penalty
   550      1  2.4E-03    579  3.7E-03  1.1E-01  4.8533584E+01     21 8.9E+00
   551      1  2.4E-03    580  3.7E-03  1.1E-01  4.8530433E+01     21 8.9E+00
   552      1  2.5E-03    581  3.7E-03  1.1E-01  4.8527252E+01     21 8.9E+00
   553      1  2.5E-03    582  3.6E-03  1.1E-01  4.8524051E+01     21 8.9E+00
   554      1  2.6E-03    583  3.6E-03  1.1E-01  4.8520819E+01     21 8.9E+00
   555      1  2.6E-03    584  3.6E-03  1.1E-01  4.8517578E+01     21 8.9E+00
   556      1  2.6E-03    585  3.6E-03  1.1E-01  4.8514295E+01     21 8.9E+00
   557      1  2.7E-03    586  3.6E-03  1.1E-01  4.8510994E+01     21 8.9E+00
   558      1  2.7E-03    587  3.6E-03  1.1E-01  4.8507663E+01     21 8.9E+00
   559      1  2.7E-03    588  3.6E-03  1.1E-01  4.8504308E+01     21 8.9E+00

 Major Minors     Step   nCon Feasible  Optimal  MeritFunction     nS Penalty
   560      1  2.8E-03    589  3.6E-03  1.1E-01  4.8500917E+01     21 8.9E+00
   561      1  2.8E-03    590  3.6E-03  1.1E-01  4.8497501E+01     21 8.9E+00
   562      1  2.9E-03    591  3.6E-03  1.1E-01  4.8494066E+01     21 8.9E+00
   563      1  2.9E-03    592  3.6E-03  1.1E-01  4.8490596E+01     21 8.9E+00
   564      1  3.0E-03    593  3.6E-03  1.1E-01  4.8487094E+01     21 8.9E+00
   565      1  3.0E-03    594  3.6E-03  1.1E-01  4.8483567E+01     21 8.9E+00
   566      1  3.1E-03    595  3.6E-03  1.1E-01  4.8480012E+01     21 8.9E+00
   567      1  3.1E-03    596  3.5E-03  1.1E-01  4.8476415E+01     21 8.9E+00
   568      1  3.2E-03    597  3.5E-03  1.1E-01  4.8472797E+01     21 8.9E+00
   569      1  3.2E-03    598  3.5E-03  1.1E-01  4.8469144E+01     21 8.9E+00

 Major Minors     Step   nCon Feasible  Optimal  MeritFunction     nS Penalty
   570      1  3.3E-03    599  3.5E-03  1.1E-01  4.8465457E+01     21 8.9E+00
   571      1  3.3E-03    600  3.5E-03  1.1E-01  4.8461740E+01     21 8.9E+00
   572      1  3.4E-03    601  3.5E-03  1.1E-01  4.8457986E+01     21 8.9E+00
   573      1  3.4E-03    602  3.5E-03  1.1E-01  4.8454197E+01     21 8.9E+00
   574      1  3.5E-03    603  3.5E-03  1.1E-01  4.8450374E+01     21 8.9E+00
   575      1  3.6E-03    604  3.5E-03  1.1E-01  4.8446520E+01     21 8.9E+00
   576      1  3.6E-03    605  3.5E-03  1.2E-01  4.8442627E+01     21 8.9E+00
   577      1  3.7E-03    606  3.5E-03  1.2E-01  4.8438691E+01     21 8.9E+00
   578      1  3.8E-03    607  3.5E-03  1.2E-01  4.8434720E+01     21 8.9E+00
   579      1  3.8E-03    608  3.4E-03  1.2E-01  4.8430714E+01     21 8.9E+00

 Major Minors     Step   nCon Feasible  Optimal  MeritFunction     nS Penalty
   580      1  3.9E-03    609  3.4E-03  1.2E-01  4.8426662E+01     21 8.9E+00
   581      1  4.0E-03    610  3.4E-03  1.2E-01  4.8422571E+01     21 8.9E+00
   582      1  4.1E-03    611  3.4E-03  1.2E-01  4.8418437E+01     21 8.9E+00
   583      1  4.1E-03    612  3.4E-03  1.2E-01  4.8414266E+01     21 8.9E+00
   584      1  4.2E-03    613  3.4E-03  1.2E-01  4.8410052E+01     21 8.9E+00
   585      1  4.3E-03    614  3.4E-03  1.2E-01  4.8405781E+01     21 8.9E+00
   586      1  4.4E-03    615  3.4E-03  1.2E-01  4.8401468E+01     21 8.9E+00
   587      1  4.5E-03    616  3.4E-03  1.2E-01  4.8397114E+01     21 8.9E+00
   588      1  4.6E-03    617  3.3E-03  1.2E-01  4.8392705E+01     21 8.9E+00
   589      1  4.7E-03    618  3.3E-03  1.2E-01  4.8388256E+01     21 8.9E+00

 Major Minors     Step   nCon Feasible  Optimal  MeritFunction     nS Penalty
   590      1  4.8E-03    619  3.3E-03  1.2E-01  4.8383748E+01     21 8.9E+00
   591      1  4.9E-03    620  3.3E-03  1.2E-01  4.8379179E+01     21 8.9E+00
   592      1  5.0E-03    621  3.3E-03  1.2E-01  4.8374569E+01     21 8.9E+00
   593      1  5.1E-03    622  3.3E-03  1.2E-01  4.8369900E+01     21 8.9E+00
   594      1  5.2E-03    623  3.3E-03  1.2E-01  4.8365178E+01     21 8.9E+00
   595      1  5.4E-03    624  3.2E-03  1.2E-01  4.8360385E+01     21 8.9E+00
   596      1  5.5E-03    625  3.2E-03  1.2E-01  4.8355531E+01     21 8.9E+00
   597      1  5.6E-03    626  3.2E-03  1.2E-01  4.8350614E+01     21 8.9E+00
   598      1  5.8E-03    627  3.2E-03  1.2E-01  4.8345642E+01     21 8.9E+00
   599      1  5.9E-03    628  3.2E-03  1.2E-01  4.8340591E+01     21 8.9E+00

 Major Minors     Step   nCon Feasible  Optimal  MeritFunction     nS Penalty
   600      1  6.1E-03    629  3.2E-03  1.2E-01  4.8335477E+01     21 8.9E+00
   601      1  6.2E-03    630  3.1E-03  1.3E-01  4.8330283E+01     21 8.9E+00
   602      1  6.4E-03    631  3.1E-03  1.3E-01  4.8325019E+01     21 8.9E+00
   603      1  6.6E-03    632  3.1E-03  1.3E-01  4.8319668E+01     21 8.9E+00
   604      1  6.8E-03    633  3.1E-03  1.3E-01  4.8314236E+01     21 8.9E+00
   605      1  7.0E-03    634  3.1E-03  1.3E-01  4.8308722E+01     21 8.9E+00
   606      1  7.2E-03    635  3.0E-03  1.3E-01  4.8303115E+01     21 8.9E+00
   607      1  7.4E-03    636  3.0E-03  1.3E-01  4.8297426E+01     21 8.9E+00
   608      1  7.6E-03    637  3.0E-03  1.3E-01  4.8291632E+01     21 8.9E+00
   609      1  7.9E-03    638  3.0E-03  1.3E-01  4.8285739E+01     21 8.9E+00

 Major Minors     Step   nCon Feasible  Optimal  MeritFunction     nS Penalty
   610      1  8.2E-03    639  3.0E-03  1.3E-01  4.8279735E+01     21 8.9E+00
   611      1  8.4E-03    640  2.9E-03  1.3E-01  4.8273624E+01     21 8.9E+00
   612      1  8.7E-03    641  2.9E-03  1.3E-01  4.8267391E+01     21 8.9E+00
   613      1  9.0E-03    642  2.9E-03  1.3E-01  4.8261037E+01     21 8.9E+00
   614      1  9.4E-03    643  2.9E-03  1.3E-01  4.8254549E+01     21 8.9E+00
   615      1  9.8E-03    644  2.8E-03  1.3E-01  4.8247928E+01     21 8.9E+00
   616      1  1.0E-02    645  2.8E-03  1.3E-01  4.8241164E+01     21 8.9E+00
   617      1  1.1E-02    646  2.8E-03  1.3E-01  4.8234242E+01     21 8.9E+00
   618      1  1.1E-02    647  2.7E-03  1.3E-01  4.8227162E+01     21 8.9E+00
   619      1  1.2E-02    648  2.7E-03  1.3E-01  4.8219902E+01     21 8.9E+00

 Major Minors     Step   nCon Feasible  Optimal  MeritFunction     nS Penalty
   620      1  1.2E-02    649  2.7E-03  1.3E-01  4.8212470E+01     21 8.9E+00
   621      1  1.3E-02    650  2.6E-03  1.3E-01  4.8204830E+01     21 8.9E+00
   622      1  1.3E-02    651  2.6E-03  1.3E-01  4.8196989E+01     21 8.9E+00
   623      1  1.4E-02    652  2.5E-03  1.3E-01  4.8188935E+01     21 8.9E+00
   624      1  1.5E-02    653  2.5E-03  1.3E-01  4.8180631E+01     21 8.9E+00
   625      1  1.6E-02    654  2.4E-03  1.3E-01  4.8172082E+01     21 8.9E+00
   626      3  1.6E-02    655  2.4E-03  1.3E-01  4.8163289E+01     21 8.9E+00
   627      2  1.7E-02    656  2.3E-03  6.4E-02  4.8154250E+01     20 8.9E+00
   628      1  1.9E-02    657  2.3E-03  1.2E-02  4.8144520E+01     20 8.9E+00
   629      1  2.1E-02    658  2.2E-03  2.9E-02  4.8134013E+01     20 8.9E+00

 Major Minors     Step   nCon Feasible  Optimal  MeritFunction     nS Penalty
   630      1  2.3E-02    659  2.2E-03  4.0E-02  4.8122897E+01     20 8.9E+00
   631      1  2.5E-02    660  2.1E-03  4.8E-02  4.8111202E+01     20 8.9E+00
   632      1  2.8E-02    661  2.0E-03  5.3E-02  4.8098906E+01     20 8.9E+00
   633      1  3.1E-02    662  1.9E-03  5.9E-02  4.8085980E+01     20 8.9E+00
   634      1  3.3E-02    663  1.8E-03  6.4E-02  4.8072429E+01     20 8.9E+00
   635      1  3.7E-02    664  1.7E-03  7.0E-02  4.8058257E+01     20 8.9E+00
   636      1  4.0E-02    665  1.6E-03  8.1E-02  4.8043600E+01     20 8.9E+00
   637      1  4.3E-02    666  1.5E-03  1.0E-01  4.8028760E+01     20 8.9E+00
   638      2  4.3E-02    667  1.3E-03  1.5E-01  4.8014433E+01     21 8.9E+00
   639      1  3.9E-02    668  1.2E-03  4.1E-01  4.8001909E+01     21 8.9E+00

 Major Minors     Step   nCon Feasible  Optimal  MeritFunction     nS Penalty
   640      2  2.5E-02    670  1.2E-03  3.4E-01  4.7993136E+01     20 8.9E+00  m
   641      4  2.5E-03    672  1.2E-03  2.4E-01  4.7991485E+01     21 8.9E+00  m
   642     21  5.5E-03    673  1.0E-03  2.8E-01  4.7975162E+01     20 8.9E+00
   643      4  1.0E+00    674  1.5E-03  4.4E-01  4.7824612E+01     21 8.9E+00
   644      1  5.9E-02    675  1.4E-03  3.3E-01  4.7826122E+01     21 9.1E+00
   645      2  1.0E+00    676  4.2E-04  4.3E-01  4.7723640E+01     22 9.1E+00
   645      4             676  4.2E-04  7.9E-02  4.7722585E+01     25           R
   646      6  1.0E+00    677  9.6E-04  2.3E-01  4.7757713E+01     22 3.3E+02 s
   647      3  1.4E-02    678  9.8E-04  1.9E+00  4.7748688E+01     20 2.1E+01
   648      3  3.3E-02    679  1.0E-03  2.0E+00  4.7739968E+01     22 8.0E+00
   649      2  1.2E-01    680  7.7E-04  3.0E+00  4.7721358E+01     21 8.0E+00

 Major Minors     Step   nCon Feasible  Optimal  MeritFunction     nS Penalty
   650      7  1.0E+00    682  1.7E-03  1.6E-01  4.7691157E+01     24 3.3E+01  M
   651      7  6.9E-03    683  1.7E-03  3.3E-01  4.7603561E+01     22 1.5E+01
   652      4  7.7E-05    684  1.7E-03  2.8E-01  4.7603509E+01     22 1.5E+01
   653      5  1.4E-03    685  1.7E-03  6.1E-02  4.7602862E+01     21 1.5E+01
   654      2  5.4E-04    686  1.7E-03  9.3E-02  4.7602311E+01     20 1.5E+01
   655      4  6.7E-04    687  1.7E-03  1.4E-01  4.7601937E+01     22 1.5E+01
   656      2  1.0E-03    688  1.7E-03  1.2E-01  4.7601194E+01     21 1.5E+01
   657      2  7.9E-04    689  1.7E-03  1.2E-01  4.7600693E+01     22 1.5E+01
   658      1  8.3E-04    690  1.7E-03  1.6E-01  4.7600069E+01     22 1.5E+01
   659      3  7.5E-04    691  1.7E-03  4.4E-02  4.7599548E+01     20 1.5E+01

 Major Minors     Step   nCon Feasible  Optimal  MeritFunction     nS Penalty
   660      1  7.9E-04    692  1.7E-03  1.5E-01  4.7598965E+01     20 1.5E+01
   661      2  7.0E-04    693  1.7E-03  3.1E-02  4.7598479E+01     21 1.5E+01
   662      2  6.3E-04    694  1.7E-03  5.7E-02  4.7597970E+01     20 1.5E+01
   663      2  7.0E-04    695  1.7E-03  8.6E-02  4.7597475E+01     19 1.5E+01
   664      2  6.7E-04    696  1.7E-03  6.4E-02  4.7596962E+01     20 1.5E+01
   665      2  6.7E-04    697  1.7E-03  7.4E-02  4.7596452E+01     19 1.5E+01
   666      1  7.1E-04    698  1.7E-03  7.9E-02  4.7595922E+01     19 1.5E+01
   667      2  6.7E-04    699  1.7E-03  4.9E-02  4.7595391E+01     20 1.5E+01
   668      2  7.4E-04    700  1.7E-03  8.4E-02  4.7594828E+01     19 1.5E+01
   669      2  7.0E-04    701  1.7E-03  5.5E-02  4.7594274E+01     20 1.5E+01

 Major Minors     Step   nCon Feasible  Optimal  MeritFunction     nS Penalty
   670      2  7.5E-04    702  1.7E-03  6.9E-02  4.7593693E+01     19 1.5E+01
   671      2  7.2E-04    703  1.7E-03  6.6E-02  4.7593118E+01     20 1.5E+01
   672      2  7.5E-04    704  1.7E-03  6.0E-02  4.7592522E+01     19 1.5E+01
   673      2  7.4E-04    705  1.7E-03  6.2E-02  4.7591930E+01     20 1.5E+01
   674      2  7.6E-04    706  1.7E-03  5.0E-02  4.7591319E+01     19 1.5E+01
   675      2  7.5E-04    707  1.7E-03  6.2E-02  4.7590711E+01     20 1.5E+01
   676      2  7.7E-04    708  1.7E-03  4.3E-02  4.7590085E+01     19 1.5E+01
   677      1  7.6E-04    709  1.7E-03  5.8E-02  4.7589462E+01     19 1.5E+01
   678      1  7.7E-04    710  1.7E-03  4.6E-02  4.7588823E+01     19 1.5E+01
   679      1  7.6E-04    711  1.7E-03  4.7E-02  4.7588187E+01     19 1.5E+01

 Major Minors     Step   nCon Feasible  Optimal  MeritFunction     nS Penalty
   680      1  7.7E-04    712  1.7E-03  4.1E-02  4.7587536E+01     19 1.5E+01
   681      1  7.7E-04    713  1.7E-03  4.8E-02  4.7586889E+01     19 1.5E+01
   682      1  7.8E-04    714  1.7E-03  3.5E-02  4.7586227E+01     19 1.5E+01
   683      1  7.7E-04    715  1.7E-03  4.3E-02  4.7585570E+01     19 1.5E+01
   684      1  7.8E-04    716  1.8E-03  2.9E-02  4.7584901E+01     19 1.5E+01
   685      1  7.7E-04    717  1.8E-03  4.5E-02  4.7584236E+01     19 1.5E+01
   686      1  7.8E-04    718  1.8E-03  2.8E-02  4.7583560E+01     19 1.5E+01
   687      1  7.7E-04    719  1.8E-03  3.7E-02  4.7582890E+01     19 1.5E+01
   688      1  7.8E-04    720  1.8E-03  2.6E-02  4.7582209E+01     19 1.5E+01
   689      1  7.6E-04    721  1.8E-03  3.5E-02  4.7581535E+01     19 1.5E+01

 Major Minors     Step   nCon Feasible  Optimal  MeritFunction     nS Penalty
   690      2  7.7E-04    722  1.8E-03  2.7E-02  4.7580851E+01     18 1.5E+01
   691      1  7.6E-04    723  1.8E-03  3.7E-02  4.7580175E+01     18 1.5E+01
   692      1  7.8E-04    724  1.8E-03  3.6E-02  4.7579481E+01     18 1.5E+01
   693      1  7.7E-04    725  1.8E-03  4.7E-02  4.7578792E+01     18 1.5E+01
   694      1  7.8E-04    726  1.8E-03  5.1E-02  4.7578092E+01     18 1.5E+01
   695      1  7.8E-04    727  1.8E-03  5.2E-02  4.7577392E+01     18 1.5E+01
   696      1  7.8E-04    728  1.8E-03  5.8E-02  4.7576683E+01     18 1.5E+01
   697      1  7.8E-04    729  1.8E-03  5.6E-02  4.7575972E+01     18 1.5E+01
   698      1  7.9E-04    730  1.8E-03  5.6E-02  4.7575254E+01     18 1.5E+01
   699      1  7.9E-04    731  1.8E-03  6.0E-02  4.7574532E+01     18 1.5E+01

 Major Minors     Step   nCon Feasible  Optimal  MeritFunction     nS Penalty
   700      1  7.9E-04    732  1.8E-03  5.9E-02  4.7573803E+01     18 1.5E+01
   701      1  7.9E-04    733  1.8E-03  6.2E-02  4.7573070E+01     18 1.5E+01
   702      1  8.0E-04    734  1.8E-03  6.1E-02  4.7572331E+01     18 1.5E+01
   703      1  8.0E-04    735  1.8E-03  6.4E-02  4.7571587E+01     18 1.5E+01
   704      1  8.0E-04    736  1.8E-03  6.4E-02  4.7570837E+01     18 1.5E+01
   705      1  8.0E-04    737  1.8E-03  6.4E-02  4.7570082E+01     18 1.5E+01
   706      1  8.1E-04    738  1.8E-03  6.7E-02  4.7569321E+01     18 1.5E+01
   707      1  8.1E-04    739  1.8E-03  6.3E-02  4.7568555E+01     18 1.5E+01
   708      1  8.1E-04    740  1.8E-03  6.7E-02  4.7567783E+01     18 1.5E+01
   709      1  8.1E-04    741  1.8E-03  6.5E-02  4.7567005E+01     18 1.5E+01

 Major Minors     Step   nCon Feasible  Optimal  MeritFunction     nS Penalty
   710      1  8.1E-04    742  1.8E-03  6.8E-02  4.7566222E+01     18 1.5E+01
   711      1  8.2E-04    743  1.8E-03  6.9E-02  4.7565433E+01     18 1.5E+01
   712      1  8.2E-04    744  1.8E-03  6.5E-02  4.7564637E+01     18 1.5E+01
   713      1  8.2E-04    745  1.8E-03  7.1E-02  4.7563836E+01     18 1.5E+01
   714      1  8.2E-04    746  1.8E-03  6.8E-02  4.7563027E+01     18 1.5E+01
   715      1  8.3E-04    747  1.8E-03  6.7E-02  4.7562211E+01     18 1.5E+01
   716      1  8.3E-04    749  1.8E-03  6.5E-02  4.7561383E+01     18 1.5E+01  M
   717      1  8.3E-04    751  1.8E-03  6.5E-02  4.7560551E+01     18 1.5E+01  M
   718      1  8.3E-04    753  1.8E-03  6.5E-02  4.7559717E+01     18 1.5E+01  M
   719      1  8.3E-04    755  1.8E-03  6.4E-02  4.7558881E+01     18 1.5E+01  M

 Major Minors     Step   nCon Feasible  Optimal  MeritFunction     nS Penalty
   720      1  8.3E-04    757  1.8E-03  6.4E-02  4.7558044E+01     18 1.5E+01  M
   721      1  8.3E-04    759  1.8E-03  6.4E-02  4.7557206E+01     18 1.5E+01  M
   722      1  8.3E-04    761  1.8E-03  6.4E-02  4.7556365E+01     18 1.5E+01  M
   723      1  8.3E-04    763  1.8E-03  6.4E-02  4.7555523E+01     18 1.5E+01  M
   724      1  8.3E-04    765  1.8E-03  6.4E-02  4.7554679E+01     18 1.5E+01  M
   725      1  8.3E-04    767  1.8E-03  6.4E-02  4.7553833E+01     18 1.5E+01  M
   726      1  8.3E-04    769  1.8E-03  6.3E-02  4.7552985E+01     18 1.5E+01  M
   727      1  8.3E-04    771  1.8E-03  6.3E-02  4.7552136E+01     18 1.5E+01  M
   728      1  8.3E-04    773  1.8E-03  6.3E-02  4.7551284E+01     18 1.5E+01  M
   729      1  8.3E-04    775  1.8E-03  6.3E-02  4.7550430E+01     18 1.5E+01  M

 Major Minors     Step   nCon Feasible  Optimal  MeritFunction     nS Penalty
   730      1  8.3E-04    777  1.8E-03  6.3E-02  4.7549574E+01     18 1.5E+01  M
   731      1  8.3E-04    779  1.8E-03  6.3E-02  4.7548716E+01     18 1.5E+01  M
   732      1  8.4E-04    781  1.8E-03  6.2E-02  4.7547856E+01     18 1.5E+01  M
   733      1  8.4E-04    783  1.8E-03  6.2E-02  4.7546993E+01     18 1.5E+01  M
   734      1  8.4E-04    785  1.8E-03  6.2E-02  4.7546127E+01     18 1.5E+01  M
   735      1  8.4E-04    787  1.8E-03  6.2E-02  4.7545259E+01     18 1.5E+01  M
   736      1  8.4E-04    789  1.8E-03  6.2E-02  4.7544389E+01     18 1.5E+01  M
   737      1  8.4E-04    791  1.8E-03  6.1E-02  4.7543516E+01     18 1.5E+01  M
   738      1  8.4E-04    793  1.8E-03  6.2E-02  4.7542641E+01     18 1.5E+01  M
   739      1  8.4E-04    795  1.8E-03  6.1E-02  4.7541763E+01     18 1.5E+01  M

 Major Minors     Step   nCon Feasible  Optimal  MeritFunction     nS Penalty
   740      1  8.4E-04    797  1.8E-03  5.9E-02  4.7540883E+01     18 1.5E+01  M
   741      1  8.4E-04    799  1.8E-03  5.9E-02  4.7539999E+01     18 1.5E+01  M
   742      1  8.4E-04    801  1.8E-03  5.9E-02  4.7539112E+01     18 1.5E+01  M
   743      1  8.4E-04    803  1.8E-03  5.9E-02  4.7538222E+01     18 1.5E+01  M
   744      1  8.5E-04    805  1.8E-03  5.8E-02  4.7537330E+01     18 1.5E+01  M
   745      1  8.5E-04    807  1.8E-03  5.8E-02  4.7536434E+01     18 1.5E+01  M
   746      1  8.5E-04    809  1.8E-03  5.8E-02  4.7535535E+01     18 1.5E+01  M
   747      1  8.5E-04    811  1.8E-03  5.8E-02  4.7534632E+01     18 1.5E+01  M
   748      1  8.5E-04    813  1.8E-03  5.8E-02  4.7533726E+01     18 1.5E+01  M
   749      1  8.5E-04    815  1.8E-03  5.7E-02  4.7532817E+01     18 1.5E+01  M

 Major Minors     Step   nCon Feasible  Optimal  MeritFunction     nS Penalty
   750      1  8.5E-04    817  1.8E-03  5.7E-02  4.7531905E+01     18 1.5E+01  M
   751      1  8.5E-04    819  1.8E-03  5.7E-02  4.7530988E+01     18 1.5E+01  M
   752      1  8.6E-04    821  1.8E-03  5.6E-02  4.7530068E+01     18 1.5E+01  M
   753      1  8.6E-04    823  1.8E-03  5.6E-02  4.7529145E+01     18 1.5E+01  M
   754      1  8.6E-04    825  1.8E-03  5.6E-02  4.7528217E+01     18 1.5E+01  M
   755      1  8.6E-04    827  1.8E-03  5.6E-02  4.7527286E+01     18 1.5E+01  M
   756      1  8.6E-04    829  1.8E-03  5.5E-02  4.7526351E+01     18 1.5E+01  M
   757      1  8.6E-04    831  1.8E-03  5.5E-02  4.7525412E+01     18 1.5E+01  M
   758      1  8.7E-04    833  1.8E-03  5.5E-02  4.7524468E+01     18 1.5E+01  M
   759      1  8.7E-04    835  1.9E-03  5.4E-02  4.7523521E+01     18 1.5E+01  M

 Major Minors     Step   nCon Feasible  Optimal  MeritFunction     nS Penalty
   760      1  8.7E-04    837  1.9E-03  5.4E-02  4.7522569E+01     18 1.5E+01  M
   761      1  8.7E-04    839  1.9E-03  5.3E-02  4.7521613E+01     18 1.5E+01  M
   762      1  8.8E-04    841  1.9E-03  5.3E-02  4.7520652E+01     18 1.5E+01  M
   763      1  8.8E-04    843  1.9E-03  5.3E-02  4.7519687E+01     18 1.5E+01  M
   764      1  8.8E-04    845  1.9E-03  5.2E-02  4.7518718E+01     18 1.5E+01  M
   765      1  8.8E-04    847  1.9E-03  5.2E-02  4.7517743E+01     18 1.5E+01  M
   766      1  8.8E-04    849  1.9E-03  5.2E-02  4.7516764E+01     18 1.5E+01  M
   767      1  8.9E-04    851  1.9E-03  5.1E-02  4.7515780E+01     18 1.5E+01  M
   768      1  8.9E-04    853  1.9E-03  5.1E-02  4.7514791E+01     18 1.5E+01  M
   769      1  8.9E-04    855  1.9E-03  5.1E-02  4.7513797E+01     18 1.5E+01  M

 Major Minors     Step   nCon Feasible  Optimal  MeritFunction     nS Penalty
   770      1  8.9E-04    857  1.9E-03  5.0E-02  4.7512798E+01     18 1.5E+01  M
   771      1  9.0E-04    859  1.9E-03  5.0E-02  4.7511794E+01     18 1.5E+01  M
   772      1  9.0E-04    861  1.9E-03  4.9E-02  4.7510784E+01     18 1.5E+01  M
   773      1  9.0E-04    863  1.9E-03  4.9E-02  4.7509769E+01     18 1.5E+01  M
   774      1  9.1E-04    865  1.9E-03  4.9E-02  4.7508748E+01     18 1.5E+01  M
   775      1  9.1E-04    867  1.9E-03  4.8E-02  4.7507722E+01     18 1.5E+01  M
   776      1  9.1E-04    869  1.9E-03  4.8E-02  4.7506690E+01     18 1.5E+01  M
   777      1  9.2E-04    871  1.9E-03  4.7E-02  4.7505652E+01     18 1.5E+01  M
   778      1  9.2E-04    873  1.9E-03  4.7E-02  4.7504609E+01     18 1.5E+01  M
   779      1  9.2E-04    875  1.9E-03  4.7E-02  4.7503559E+01     18 1.5E+01  M

 Major Minors     Step   nCon Feasible  Optimal  MeritFunction     nS Penalty
   780      1  9.3E-04    877  1.9E-03  4.6E-02  4.7502503E+01     18 1.5E+01  M
   781      1  9.3E-04    879  1.9E-03  4.6E-02  4.7501442E+01     18 1.5E+01  M
   782      1  9.3E-04    881  1.9E-03  4.5E-02  4.7500373E+01     18 1.5E+01  M
   783      1  9.4E-04    883  1.9E-03  4.5E-02  4.7499299E+01     18 1.5E+01  M
   784      1  9.4E-04    885  1.9E-03  4.4E-02  4.7498217E+01     18 1.5E+01  M
   785      1  9.4E-04    887  1.9E-03  4.4E-02  4.7497129E+01     18 1.5E+01  M
   786      1  9.5E-04    889  1.9E-03  4.3E-02  4.7496035E+01     18 1.5E+01  M
   787      1  9.5E-04    891  1.9E-03  4.3E-02  4.7494933E+01     18 1.5E+01  M
   788      1  9.5E-04    893  1.9E-03  4.3E-02  4.7493825E+01     18 1.5E+01  M
   789      1  9.6E-04    895  1.9E-03  4.2E-02  4.7492709E+01     18 1.5E+01  M

 Major Minors     Step   nCon Feasible  Optimal  MeritFunction     nS Penalty
   790      1  9.6E-04    897  1.9E-03  4.2E-02  4.7491587E+01     18 1.5E+01  M
   791      1  9.7E-04    899  1.9E-03  4.1E-02  4.7490457E+01     18 1.5E+01  M
   792      1  9.7E-04    901  1.9E-03  4.1E-02  4.7489319E+01     18 1.5E+01  M
   793      1  9.8E-04    903  1.9E-03  4.0E-02  4.7488174E+01     18 1.5E+01  M
   794      1  9.8E-04    905  1.9E-03  4.0E-02  4.7487022E+01     18 1.5E+01  M
   795      1  9.8E-04    907  1.9E-03  3.9E-02  4.7485861E+01     18 1.5E+01  M
   796      1  9.9E-04    909  1.9E-03  3.9E-02  4.7484693E+01     18 1.5E+01  M
   797      1  9.9E-04    911  1.9E-03  3.9E-02  4.7483517E+01     18 1.5E+01  M
   798      1  1.0E-03    913  1.9E-03  3.8E-02  4.7482332E+01     18 1.5E+01  M
   799      1  1.0E-03    915  1.9E-03  3.7E-02  4.7481140E+01     18 1.5E+01  M

 Major Minors     Step   nCon Feasible  Optimal  MeritFunction     nS Penalty
   800      1  1.0E-03    917  1.9E-03  3.7E-02  4.7479939E+01     18 1.5E+01  M
   801      1  1.0E-03    919  1.9E-03  3.7E-02  4.7478729E+01     18 1.5E+01  M
   802      1  1.0E-03    921  1.9E-03  3.6E-02  4.7477510E+01     18 1.5E+01  M
   803      1  1.0E-03    923  1.9E-03  3.6E-02  4.7476283E+01     18 1.5E+01  M
   804      1  1.0E-03    925  1.9E-03  3.5E-02  4.7475047E+01     18 1.5E+01  M
   805      1  1.0E-03    927  1.9E-03  3.5E-02  4.7473802E+01     18 1.5E+01  M
   806      1  1.0E-03    929  1.9E-03  3.4E-02  4.7472547E+01     18 1.5E+01  M
   807      1  1.0E-03    931  1.9E-03  3.4E-02  4.7471284E+01     18 1.5E+01  M
   808      1  1.1E-03    933  1.9E-03  3.3E-02  4.7470011E+01     18 1.5E+01  M
   809      1  1.1E-03    935  1.9E-03  3.3E-02  4.7468728E+01     18 1.5E+01  M

 Major Minors     Step   nCon Feasible  Optimal  MeritFunction     nS Penalty
   810      1  1.1E-03    937  1.9E-03  3.2E-02  4.7467436E+01     18 1.5E+01  M
   811      1  1.1E-03    939  1.9E-03  3.2E-02  4.7466134E+01     18 1.5E+01  M
   812      1  1.1E-03    941  1.9E-03  3.1E-02  4.7464822E+01     18 1.5E+01  M
   813      1  1.1E-03    943  1.9E-03  3.1E-02  4.7463500E+01     18 1.5E+01  M
   814      1  1.1E-03    945  1.9E-03  3.0E-02  4.7462167E+01     18 1.5E+01  M
   815      1  1.1E-03    947  1.9E-03  3.0E-02  4.7460825E+01     18 1.5E+01  M
   816      1  1.1E-03    949  1.9E-03  2.9E-02  4.7459471E+01     18 1.5E+01  M
   817      1  1.1E-03    951  1.9E-03  2.9E-02  4.7458108E+01     18 1.5E+01  M
   818      1  1.1E-03    953  1.9E-03  2.9E-02  4.7456733E+01     18 1.5E+01  M
   819      1  1.1E-03    955  1.9E-03  2.9E-02  4.7455358E+01     18 1.5E+01  M

 Major Minors     Step   nCon Feasible  Optimal  MeritFunction     nS Penalty
   820      3  1.1E-03    957  1.9E-03  8.4E-02  4.7453968E+01     19 1.5E+01  M
   821      2  1.1E-03    959  1.9E-03  3.6E-02  4.7452697E+01     18 1.5E+01  M
   822      1  1.1E-03    961  1.9E-03  2.6E-02  4.7451374E+01     18 1.5E+01  M
   823      1  1.2E-03    963  1.9E-03  2.5E-02  4.7450051E+01     18 1.5E+01  M
   824      1  1.2E-03    965  1.9E-03  2.6E-02  4.7448672E+01     18 1.5E+01  M
   825      1  1.2E-03    967  1.9E-03  2.7E-02  4.7447278E+01     18 1.5E+01  M
   826      1  1.2E-03    969  1.9E-03  2.7E-02  4.7445865E+01     18 1.5E+01  M
   827      1  1.2E-03    971  1.9E-03  2.8E-02  4.7444440E+01     18 1.5E+01  M
   828      1  1.2E-03    973  1.9E-03  2.8E-02  4.7443004E+01     18 1.5E+01  M
   829      1  1.2E-03    975  1.9E-03  2.9E-02  4.7441555E+01     18 1.5E+01  M

 Major Minors     Step   nCon Feasible  Optimal  MeritFunction     nS Penalty
   830      1  1.2E-03    977  1.9E-03  3.0E-02  4.7440093E+01     18 1.5E+01  M
   831      1  1.2E-03    979  1.9E-03  3.0E-02  4.7438618E+01     18 1.5E+01  M
   832      1  1.2E-03    981  1.9E-03  3.1E-02  4.7437130E+01     18 1.5E+01  M
   833      1  1.3E-03    983  1.9E-03  3.2E-02  4.7435629E+01     18 1.5E+01  M
   834      1  1.3E-03    985  1.9E-03  3.3E-02  4.7434114E+01     18 1.5E+01  M
   835      1  1.3E-03    987  1.9E-03  3.3E-02  4.7432586E+01     18 1.5E+01  M
   836      1  1.3E-03    989  1.9E-03  3.4E-02  4.7431045E+01     18 1.5E+01  M
   837      1  1.3E-03    991  1.9E-03  3.5E-02  4.7429489E+01     18 1.5E+01  M
   838      1  1.3E-03    993  1.9E-03  3.5E-02  4.7427920E+01     18 1.5E+01  M
   839      1  1.3E-03    995  1.9E-03  3.6E-02  4.7426337E+01     18 1.5E+01  M

 Major Minors     Step   nCon Feasible  Optimal  MeritFunction     nS Penalty
   840      1  1.3E-03    997  1.9E-03  3.7E-02  4.7424740E+01     18 1.5E+01  M
   841      1  1.3E-03    999  1.9E-03  3.7E-02  4.7423129E+01     18 1.5E+01  M
   842      1  1.3E-03   1001  1.9E-03  3.8E-02  4.7421503E+01     18 1.5E+01  M
   843      1  1.3E-03   1003  1.9E-03  3.9E-02  4.7419864E+01     18 1.5E+01  M
   844      1  1.3E-03   1005  1.9E-03  3.9E-02  4.7418209E+01     18 1.5E+01  M
   845      1  1.4E-03   1007  1.9E-03  4.0E-02  4.7416541E+01     18 1.5E+01  M
   846      1  1.4E-03   1009  1.9E-03  4.1E-02  4.7414857E+01     18 1.5E+01  M
   847      1  1.4E-03   1011  1.9E-03  4.1E-02  4.7413159E+01     18 1.5E+01  M
   848      1  1.4E-03   1013  1.9E-03  4.2E-02  4.7411447E+01     18 1.5E+01  M
   849      1  1.4E-03   1015  1.9E-03  4.3E-02  4.7409719E+01     18 1.5E+01  M

 Major Minors     Step   nCon Feasible  Optimal  MeritFunction     nS Penalty
   850      1  1.4E-03   1017  1.9E-03  4.3E-02  4.7407977E+01     18 1.5E+01  M
   851      1  1.4E-03   1019  1.9E-03  4.4E-02  4.7406219E+01     18 1.5E+01  M
   852      1  1.4E-03   1021  1.9E-03  4.5E-02  4.7404447E+01     18 1.5E+01  M
   853      1  1.4E-03   1023  1.9E-03  4.5E-02  4.7402659E+01     18 1.5E+01  M
   854      1  1.4E-03   1025  1.9E-03  4.6E-02  4.7400857E+01     18 1.5E+01  M
   855      1  1.5E-03   1027  1.9E-03  4.7E-02  4.7399039E+01     18 1.5E+01  M
   856      1  1.5E-03   1029  1.9E-03  4.7E-02  4.7397206E+01     18 1.5E+01  M
   857      1  1.5E-03   1031  1.9E-03  4.8E-02  4.7395358E+01     18 1.5E+01  M
   858      1  1.5E-03   1033  1.9E-03  4.9E-02  4.7393495E+01     18 1.5E+01  M
   859      1  1.5E-03   1035  1.9E-03  4.9E-02  4.7391616E+01     18 1.5E+01  M

 Major Minors     Step   nCon Feasible  Optimal  MeritFunction     nS Penalty
   860      1  1.5E-03   1037  1.9E-03  5.0E-02  4.7389722E+01     18 1.5E+01  M
   861      1  1.5E-03   1039  1.9E-03  5.1E-02  4.7387813E+01     18 1.5E+01  M
   862      1  1.5E-03   1041  1.9E-03  5.1E-02  4.7385889E+01     18 1.5E+01  M
   863      1  1.5E-03   1043  1.9E-03  5.2E-02  4.7383949E+01     18 1.5E+01  M
   864      1  1.5E-03   1045  1.9E-03  5.3E-02  4.7381994E+01     18 1.5E+01  M
   865      1  1.5E-03   1047  1.9E-03  5.3E-02  4.7380024E+01     18 1.5E+01  M
   866      1  1.6E-03   1049  1.9E-03  5.4E-02  4.7378039E+01     18 1.5E+01  M
   867      1  1.6E-03   1051  1.9E-03  5.5E-02  4.7376038E+01     18 1.5E+01  M
   868      1  1.6E-03   1053  1.9E-03  5.5E-02  4.7374023E+01     18 1.5E+01  M
   869      1  1.6E-03   1055  1.9E-03  5.6E-02  4.7371989E+01     18 1.5E+01  M

 Major Minors     Step   nCon Feasible  Optimal  MeritFunction     nS Penalty
   870      1  1.6E-03   1057  1.9E-03  5.6E-02  4.7369939E+01     18 1.5E+01  M
   871      1  1.6E-03   1059  1.9E-03  5.7E-02  4.7367875E+01     18 1.5E+01  M
