
 ==============================
 S N O P T  7.7.7    (Feb 2021)
 ==============================

 SNMEMB EXIT 100 -- finished successfully
 SNMEMB INFO 104 -- memory requirements estimated

 ==============================
 S N O P T  7.7.7    (Feb 2021)
 ==============================



 Nonlinear constraints       4     Linear constraints       0
 Nonlinear variables        22     Linear variables         0
 Jacobian  variables        22     Objective variables     22
 Total constraints           4     Total variables         22



 The user has defined      88   out of      88   constraint gradients.
 The user has defined      22   out of      22   objective  gradients.


 Major Minors     Step   nCon Feasible  Optimal  MeritFunction     nS Penalty
     0     23               1  1.6E-01  2.0E-01  9.4894075E-01     20           r
     1      3  1.0E+00      2  6.0E-02  3.3E-02  1.2459732E-01     20 2.1E+01   r
     2      6  1.0E+00      3 (0.0E+00) 7.6E-03  6.3555804E-01     15 8.8E+00 s
     3      4  1.7E-02      4 (0.0E+00) 9.1E-03  6.3346164E-01     12 8.8E+00
     4     11  1.0E-01      5  7.6E-03  6.7E-03  6.2349355E-01     16 8.8E+00    D
     5      1  1.1E-01      6  1.3E-02  3.4E-02  6.1570589E-01     16 8.8E+00
     6      4  2.0E-01      7  2.0E-02  7.5E-03  6.1045518E-01     15 8.8E+00
     7      1  4.9E-02      8  2.0E-02  6.5E-03  6.0535485E-01     15 8.8E+00
     8      1  6.6E-05     10  2.0E-02  6.5E-03  6.0534870E-01     15 8.8E+00
     9      9  5.9E-07     11  2.0E-02  1.1E-02  6.0534864E-01     19 8.8E+00   R

 Major Minors     Step   nCon Feasible  Optimal  MeritFunction     nS Penalty
    10      3  1.0E+00     13  8.8E-05  6.4E-03  5.7893661E-01     17 8.8E+00 sM
    11      2  1.0E+00     14  6.9E-03  5.4E-02  5.6677201E-01     16 8.8E+00
    12      2  2.7E-02     15  6.9E-03  4.5E-02  5.6635176E-01     17 8.8E+00
    13      1  6.6E-02     16  6.7E-03  3.9E-02  5.6591587E-01     17 8.8E+00
    14      2  1.0E+00     17  1.8E-02  5.1E-02  5.6146193E-01     16 8.8E+00
    15      3  3.7E-01     18  6.3E-03  2.5E-02  5.5206238E-01     16 8.8E+00
    16      2  2.3E-02     19  5.2E-03  1.5E-02  5.5142317E-01     17 8.8E+00
    17      1  4.6E-03     20  4.6E-03  3.5E-03  5.5117686E-01     17 8.8E+00
    18      2  4.9E-05     21  4.6E-03  5.8E-03  5.5117416E-01     16 8.8E+00
    19      1  1.5E-10     22  4.6E-03  3.3E-03  5.5117416E-01     16 8.8E+00
    19     10              22  4.6E-03  6.1E-03  5.5092604E-01     17           R

 Major Minors     Step   nCon Feasible  Optimal  MeritFunction     nS Penalty
    20      2  1.0E+00     23  8.6E-03  1.2E-01  5.5007505E-01     18         s
    21      4  1.0E+00     24  3.4E-02  6.3E-03  5.4569318E-01     17
    22      3  1.0E+00     25  2.0E-03  5.8E-03  5.4358605E-01     17 8.2E-02
    23      1  1.0E+00     26  3.0E-04  1.8E-03  5.4197095E-01     17 8.2E-02
    24      1  1.0E+00     27  3.5E-03  1.4E-02  5.4136704E-01     17 8.2E-02
    25      1  1.0E+00     28  6.5E-03  6.2E-03  5.3762849E-01     17 8.2E-02
    26      2  1.0E+00     29  4.2E-02  3.5E-02  5.3647751E-01     16 8.2E-02
    27      1  2.9E-01     30  2.5E-02  6.1E-02  5.3612487E-01     16 8.2E-02
    28      1  1.0E+00     31  2.7E-02  2.2E-03  5.3532371E-01     16 8.2E-02
    29      1  1.0E+00     32  5.5E-03  1.2E-02  5.3500200E-01     16 8.2E-02

 Major Minors     Step   nCon Feasible  Optimal  MeritFunction     nS Penalty
    30      2  1.0E+00     33  4.4E-03  7.7E-03  5.3474217E-01     17 8.2E-02
    31      1  1.0E+00     34  7.6E-05  2.6E-03  5.3471796E-01     17 8.2E-02
    32      2  1.0E+00     35  2.5E-05  1.2E-03  5.3470117E-01     16 8.2E-02
    33      1  1.0E+00     36  3.5E-03  4.6E-03  5.3462171E-01     16 8.2E-02
    34      1  1.0E+00     37  7.9E-05  9.7E-04  5.3459094E-01     16 8.2E-02
    35      2  4.4E-01     38  5.5E-04  3.1E-03  5.3453463E-01     17 8.2E-02
    36      1  1.5E-01     39  5.2E-04  3.1E-03  5.3451529E-01     17 8.2E-02
    37      1  1.0E+00     40  1.8E-03  2.7E-03  5.3432800E-01     17 8.2E-02
    38      1  1.5E-01     41  1.6E-03  6.4E-03  5.3431240E-01     17 8.2E-02
    39      1  2.0E-01     42  1.3E-03  4.9E-03  5.3429789E-01     17 8.2E-02

 Major Minors     Step   nCon Feasible  Optimal  MeritFunction     nS Penalty
    40      2  2.0E-01     43  1.1E-03  3.5E-03  5.3427714E-01     16 8.2E-02
    41      1  1.8E-01     44  9.4E-04  2.9E-03  5.3425881E-01     16 8.2E-02
    42      1  1.0E-01     45  8.5E-04  2.8E-03  5.3424861E-01     16 8.2E-02
    43      1  2.8E-04     46  8.5E-04  2.7E-03  5.3424857E-01     16 8.2E-02
    44      2  3.7E-11     47  8.5E-04  3.6E-03  5.3424857E-01     15 8.2E-02
    44      3              47  8.5E-04  1.7E-03  5.3424854E-01     17           R
    45      2  1.2E-04     48  8.5E-04  1.8E-02  5.3424854E-01     16         s
    46      1  1.0E+00     49  2.5E-04  1.5E-03  5.3417640E-01     16
    47      2  1.0E+00     50  2.4E-04  3.2E-03  5.3413155E-01     15
    48      2  1.0E+00     51  6.7E-03  1.8E-03  5.3408765E-01     14
    49      1  1.0E+00     52  7.8E-05  3.5E-03  5.3389813E-01     14

 Major Minors     Step   nCon Feasible  Optimal  MeritFunction     nS Penalty
    50      1  1.2E-01     53  6.9E-05  1.4E-03  5.3390230E-01     14 1.6E-02
    51      2  3.3E-01     54  4.7E-05  1.1E-03  5.3389539E-01     13 1.6E-02
    52      1  5.2E-03     55  4.6E-05  5.3E-04  5.3389523E-01     13 1.6E-02
    53      1  9.6E-06     56  4.6E-05  2.0E-04  5.3389523E-01     13 1.6E-02
    54      1  8.5E-10     57  4.6E-05  2.0E-04  5.3389523E-01     13 1.6E-02
    54      2              57  4.6E-05  7.8E-04  5.3389247E-01     14           R
    54      1              57  4.6E-05  2.7E-04  5.3389247E-01     14           r
    55      1  1.1E-01     58  1.8E-04  1.4E-03  5.3386478E-01     14         s
    56      1  1.3E-01     59  2.5E-04  1.6E-03  5.3384811E-01     14
    57      1  1.4E-01     60  2.3E-04  6.7E-04  5.3384297E-01     14
    58      1  6.3E-02     61  2.1E-04  1.1E-03  5.3383999E-01     14
    59      1  4.6E-06     62  2.1E-04  3.5E-04  5.3383999E-01     14

 Major Minors     Step   nCon Feasible  Optimal  MeritFunction     nS Penalty
    60      2  1.2E-12     63  2.1E-04  5.2E-04  5.3383999E-01     13
    61      3  2.6E-12     64  2.1E-04  1.7E-04  5.3383999E-01     15
    61      3              64  2.1E-04  2.4E-03  5.3383999E-01     17           R
    62     10  1.0E+00     66 (0.0E+00) 1.2E-04  5.3391042E-01      8 1.4E+00 sM
    63      1  8.8E-10     67 (0.0E+00) 1.2E-04  5.3391042E-01      8 1.4E+00    D
    64      9  2.1E-06     68 (0.0E+00) 1.2E-04  5.3391041E-01     14 1.4E+00   RD
    65      3  1.0E-06     69 (0.0E+00) 2.1E-03  5.3391041E-01     16 1.4E+00 s
    66      1  1.0E+00     70  1.4E-03  3.0E-04  5.3386051E-01     16 1.4E+00
    67      1  1.0E+00     71 (1.4E-06) 1.1E-04  5.3387482E-01     16 3.4E+00
    68      2  1.0E+00     72 (3.9E-07) 8.2E-05  5.3387444E-01     15 3.4E+00
    69      2  1.0E+00     73  1.5E-05  5.9E-05  5.3387294E-01     14 3.4E+00

 Major Minors     Step   nCon Feasible  Optimal  MeritFunction     nS Penalty
    70      2  1.0E+00     74 (2.1E-06) 9.3E-05  5.3387241E-01     15 3.4E+00
    71      2  1.0E+00     75 (6.8E-06) 1.0E-04  5.3387193E-01     14 3.4E+00
    72      1  1.0E+00     76 (7.3E-07) 1.1E-04  5.3387185E-01     14 3.4E+00
    73      1  1.0E+00     77 (4.1E-06) 1.1E-04  5.3387165E-01     14 3.4E+00
    74      2  1.0E+00     78  1.1E-05  1.0E-04  5.3387130E-01     13 3.4E+00
    75      1  1.0E+00     79 (4.4E-07) 2.4E-04  5.3387094E-01     13 3.4E+00
    76      1  1.0E+00     80  2.5E-05  7.9E-05  5.3386951E-01     13 3.4E+00
    77      1  1.0E+00     81 (1.8E-06) 4.2E-04  5.3386906E-01     13 3.4E+00
    78      1  1.0E+00     82  1.8E-05  1.9E-04  5.3386806E-01     13 3.4E+00
    79      1  1.0E+00     83  3.1E-05  1.5E-04  5.3386740E-01     13 3.4E+00

 Major Minors     Step   nCon Feasible  Optimal  MeritFunction     nS Penalty
    80      1  1.0E+00     84 (6.2E-06) 1.8E-04  5.3386709E-01     13 3.4E+00
    81      1  3.1E-01     85 (4.8E-06) 1.8E-04  5.3386644E-01     13 3.4E+00
    82      1  3.0E-01     86 (3.7E-06) 1.9E-04  5.3386600E-01     13 3.4E+00
    83      2  2.9E-01     87 (2.8E-06) 1.9E-04  5.3386568E-01     14 3.4E+00
    84      1  2.7E-01     88 (2.1E-06) 1.9E-04  5.3386547E-01     14 3.4E+00
    85      1  1.0E-01     89 (1.9E-06) 1.9E-04  5.3386540E-01     14 3.4E+00
    86      2  4.9E-08     90 (1.9E-06) 1.2E-04  5.3386540E-01     13 3.4E+00
    87      2  4.9E-03     91 (1.9E-06) 1.7E-04  5.3386540E-01     14 3.4E+00
    87      1              91 (1.9E-06) 1.8E-04  5.3386539E-01     14           R
    87      1              91 (1.9E-06) 1.1E-04  5.3386539E-01     14           r
    88      1  1.1E-12     92 (1.9E-06) 1.1E-04  5.3386539E-01     14           r
    88      0              92 (1.9E-06) 1.1E-04  5.3386539E-01     14           r
    88      0              92 (1.9E-06) 1.1E-04  5.3386539E-01     14           r

 SNOPTC EXIT  40 -- terminated after numerical difficulties
 SNOPTC INFO  41 -- current point cannot be improved

 Problem name                 Optimiza
 No. of iterations                 218   Objective            5.3386334558E-01
 No. of major iterations            88   Linear    obj. term  0.0000000000E+00
 Penalty parameter           0.000E+00   Nonlinear obj. term  5.3386334558E-01
 User function calls (total)       603   Calls with modes 1,2 (known g)     92
 No. of superbasics                 14   No. of basic nonlinears             2
 No. of degenerate steps             0   Percentage                       0.00
 Max x                      21 2.8E+00   Max pi                      2 5.3E-01
 Max Primal infeas          24 5.4E-06   Max Dual infeas            23 8.2E-03
 Nonlinear constraint violn    5.4E-06



 Solution printed on file  18

 Time for MPS input                             0.00 seconds
 Time for solving problem                   29910.54 seconds
 Time for solution output                       0.00 seconds
 Time for constraint functions              29910.52 seconds
 Time for objective function                    0.00 seconds
