
 ==============================
 S N O P T  7.7.7    (Feb 2021)
 ==============================

 SNMEMB EXIT 100 -- finished successfully
 SNMEMB INFO 104 -- memory requirements estimated

 ==============================
 S N O P T  7.7.7    (Feb 2021)
 ==============================



 Nonlinear constraints       1     Linear constraints       0
 Nonlinear variables        22     Linear variables         0
 Jacobian  variables        22     Objective variables     22
 Total constraints           1     Total variables         22



 The user has defined      22   out of      22   constraint gradients.
 The user has defined      22   out of      22   objective  gradients.


 Major Minors     Step   nCon Feasible  Optimal  MeritFunction     nS Penalty
     0     22               1  1.2E-02  2.8E-04  3.9814197E+01     21           r
     1      1  9.8E-05      2  1.2E-02  2.8E-04  7.6268615E+01     21 4.0E-01   r
     2      2  9.8E-05      3  1.2E-02  1.8E-01  7.6275407E+01     21 4.0E-01 s
     3      2  1.1E-01      4  1.1E-02  2.6E-01  8.7450862E+01     21 5.3E-01
     4      2  1.5E-01      5  9.5E-03  3.5E-01  1.0209643E+02     21 7.3E-01
     5      1  2.1E-01      6  7.8E-03  4.4E-01  1.2480849E+02     21 1.2E+00
     6      1  2.6E-01      7  6.1E-03  5.1E-01  1.5864402E+02     21 2.1E+00
     7      3  3.1E-01      8  4.6E-03  5.5E-01  2.0721512E+02     20 4.4E+00
     8      2  3.4E-01      9  3.3E-03  5.8E-01  2.7522150E+02     21 1.0E+01
     9      1  2.5E-01     10  2.7E-03  6.4E-01  3.6992046E+02     21 2.6E+01

 Major Minors     Step   nCon Feasible  Optimal  MeritFunction     nS Penalty
    10      1  9.0E-02     11  2.5E-03  6.1E-01  4.7465027E+02     21 5.1E+01
    11      6  5.3E-02     12  2.4E-03  1.9E+00  5.1209394E+02     16 6.3E+01
    12      6  2.2E-02     13  2.3E-03  1.7E+00  2.5069087E+06     15 7.5E+05
    13     10  2.6E-01     14  1.9E-03  1.3E+00  2.0677464E+06     14 7.5E+05
    14      3  2.4E-02     15  1.9E-03  6.6E-01  3.7437704E+06     12 1.5E+06
    15      7  6.8E-02     16  1.8E-03  2.9E-01  7.2015738E+06     10 3.1E+06     i
    16      2  1.0E-01     17  1.7E-03  2.4E-01  1.9096248E+07     11 9.3E+06     i
    17      2  7.3E-02     18  1.6E-03  1.9E-01  2.0733232E+07     12 1.1E+07     i
    18      2  1.0E+00     19  1.0E-03  2.4E-02  1.9022286E+07     13 1.2E+07     i
    19      3  1.0E+00     20  9.8E-04  2.1E-02  1.7783348E+07     13 1.2E+07     i

 Major Minors     Step   nCon Feasible  Optimal  MeritFunction     nS Penalty
    20      5  1.3E-01     21  9.4E-04  1.5E-02  1.7124581E+07     13 1.2E+07     i
    21      2  4.0E-01     22  9.1E-04  1.2E-02  1.6490232E+07     14 1.2E+07     i
    22      1  3.4E-01     23  8.9E-04  1.3E-02  1.6176546E+07     14 1.2E+07     i
    23      1  1.0E+00     24  8.9E-04  1.4E-02  1.6162784E+07     14 1.2E+07     i
    24      1  1.0E+00     25  8.8E-04  3.6E-03  1.5960360E+07     14 1.2E+07     i
    25      1  1.0E+00     26  8.8E-04  4.1E-03  1.5947526E+07     14 1.2E+07     i
    26      1  1.0E+00     27  8.8E-04  6.7E-04  1.5930024E+07     14 1.2E+07     i
    27      1  1.0E+00     28  8.8E-04  1.1E-03  1.5929510E+07     14 1.2E+07     i
    28      1  1.0E+00     29  8.8E-04  8.3E-04  1.5925938E+07     14 1.2E+07     i
    29      1  1.0E+00     30  8.8E-04  8.3E-04  1.5920505E+07     14 1.2E+07     i

 Major Minors     Step   nCon Feasible  Optimal  MeritFunction     nS Penalty
    30      1  1.0E+00     31  8.8E-04  9.4E-04  1.5913910E+07     14 1.2E+07     i
    31      1  1.0E+00     32  8.8E-04  3.6E-04  1.5909783E+07     14 1.2E+07     i
    32      1  1.0E+00     33  8.7E-04  3.8E-04  1.5908257E+07     14 1.2E+07     i
    33      1  1.0E+00     34  8.7E-04  1.1E-03  1.5902326E+07     14 1.2E+07     i
    34      1  1.0E+00     35  8.7E-04  2.3E-03  1.5890700E+07     14 1.2E+07     i
    35      1  1.0E+00     36  8.6E-04  3.9E-03  1.5862075E+07     14 1.2E+07     i
    36      2  1.0E+00     37  8.5E-04  5.5E-03  1.5804548E+07     13 1.2E+07     i
    37      1  1.0E+00     38  8.3E-04  4.5E-03  1.5725244E+07     13 1.2E+07     i
    38      2  1.0E+00     39  7.9E-04  3.5E-03  1.5563738E+07     12 1.2E+07     i
    39      1  1.0E+00     40  7.6E-04  9.3E-04  1.5442892E+07     12 1.2E+07     i

 Major Minors     Step   nCon Feasible  Optimal  MeritFunction     nS Penalty
    40      1  1.0E+00     41  7.6E-04  1.8E-04  1.5438294E+07     12 1.2E+07     i
    41      2  1.0E+00     42  7.5E-04  1.5E-03  1.5426864E+07     11 1.2E+07     i
    42      2  1.0E+00     43  7.4E-04  5.3E-03  1.5384774E+07     10 1.2E+07     i
    43      1  1.0E+00     44  7.2E-04  7.1E-03  1.5312215E+07     10 1.2E+07     i
    44      2  6.3E-01     45  7.1E-04  6.0E-03  1.5296639E+07     11 1.2E+07     i
    45      1  1.0E+00     46  7.0E-04  2.7E-03  1.5209278E+07     11 1.2E+07     i
    46      2  6.3E-01     47  6.9E-04  4.1E-03  1.5188895E+07     10 1.2E+07     i
    47      3  1.0E+00     48  6.6E-04  8.4E-03  1.5085122E+07     10 1.2E+07     i
    48      4  1.0E+00     49  6.5E-04  7.4E-03  1.5017314E+07      7 1.2E+07     i
    49      2  1.0E+00     50  6.3E-04  3.0E-03  1.4889728E+07      8 1.2E+07     i

 Major Minors     Step   nCon Feasible  Optimal  MeritFunction     nS Penalty
    50      1  1.0E+00     51  6.3E-04  1.0E-03  1.4882033E+07      8 1.2E+07     i
    51      2  1.0E+00     52  6.2E-04  3.6E-04  1.4876343E+07      7 1.2E+07     i
    52      1  1.0E+00     53  6.2E-04  9.2E-04  1.4869997E+07      7 1.2E+07     i
    53      2  1.0E+00     54  6.2E-04  1.8E-03  1.4860199E+07      8 1.2E+07     i
    54      1  1.0E+00     55  6.1E-04  1.3E-03  1.4853377E+07      8 1.2E+07     i
    55      3  1.0E+00     56  6.1E-04  7.5E-04  1.4849533E+07     10 1.2E+07     i
    56      2  1.0E+00     57  6.1E-04  3.0E-04  1.4844970E+07     11 1.2E+07     i
    57      1  1.0E+00     58  6.1E-04  1.5E-04  1.4841822E+07     11 1.2E+07     i
    58      1  1.0E+00     59  6.1E-04  3.1E-04  1.4838061E+07     11 1.2E+07     i
    59      1  1.0E+00     60  6.1E-04  4.9E-04  1.4832459E+07     11 1.2E+07     i

 Major Minors     Step   nCon Feasible  Optimal  MeritFunction     nS Penalty
    60      1  1.0E+00     61  6.1E-04  6.5E-04  1.4822108E+07     11 1.2E+07     i
    61      1  1.0E+00     62  6.1E-04  6.2E-04  1.4805605E+07     11 1.2E+07     i
    62      1  1.0E+00     63  6.1E-04  8.6E-04  1.4790041E+07     11 1.2E+07     i
    63      1  1.0E+00     64  6.0E-04  1.3E-03  1.4780753E+07     11 1.2E+07     i
    64      2  1.0E+00     65  6.0E-04  1.9E-03  1.4768091E+07     10 1.2E+07     i
    65      4  6.6E-01     66  5.9E-04  2.8E-03  1.4742154E+07      9 1.2E+07     i
    66      1  6.6E-01     68  5.7E-04  5.6E-03  1.4670064E+07      9 1.2E+07     i
    67      5  6.6E-01     70  5.5E-04  7.0E-03  1.4589402E+07     13 1.2E+07   R i
    68      2  1.0E+00     71  5.5E-04  7.6E-03  1.4517167E+07     12 1.2E+07 s   i
    69      4  6.6E-01     72  5.1E-04  1.8E-02  1.3698656E+07      9 1.2E+07     i

 Major Minors     Step   nCon Feasible  Optimal  MeritFunction     nS Penalty
    70      2  1.0E+00     73  3.9E-04  6.6E-02  1.1038805E+07     10 1.2E+07     i
    71      3  1.0E+00     74  3.3E-04  3.2E-02  9.3788542E+06     10 1.2E+07     i
    72      1  1.0E+00     75  3.0E-04  1.5E-02  8.2963848E+06     10 1.2E+07     i
    73      2  6.4E-01     76  2.8E-04  1.3E-02  7.8809495E+06     11 1.2E+07     i
    74      5  1.0E+00     77  1.7E-04  4.8E-01  4.6432045E+06     11 1.2E+07
    75      2  6.3E-01     78  7.3E-05  2.9E-01  1.9055911E+06     12 1.2E+07
    76      2  1.0E+00     79  2.3E-05  1.9E-02  1.9200994E+05     11 3.5E+03
    77      9  1.0E+00     80 (9.0E-06) 5.6E-03  1.8557281E+05     13 1.3E+08     i
    78      4  1.0E+00     81 <4.3E-06> 3.0E-02  1.2211303E+05     10 4.4E+08
    79      2  6.7E-01     82 <1.6E-06> 1.1E-01  4.4158265E+04     11 4.4E+08

 Major Minors     Step   nCon Feasible  Optimal  MeritFunction     nS Penalty
    80      1  7.2E-01     83 <5.3E-07> 1.6E-01  1.3355060E+04     11 4.2E+04
    81      2  7.2E-01     84 <1.5E-07> 6.0E-01  4.8327291E+03     12 5.8E+02
    82      4  7.2E-01     85 <4.4E-08> 2.2E-01  2.5259949E+03     15 6.8E+01
    83      3  7.1E-01     86 <1.3E-08> 3.3E-01  1.8787336E+03     16 2.3E+01
    84      3  7.2E-01     87 (1.5E-08) 7.7E-02  1.6165519E+03     15 2.3E+01
    85      4  1.0E+00     88 (3.5E-07) 6.8E-01  1.5951676E+03     16 2.3E+01
    86      2  1.0E+00     89 (5.3E-07) 2.4E+00  1.5831085E+03     15 2.3E+01
    87      3  1.0E+00     90 (1.6E-07) 8.5E-01  1.5645768E+03     15 2.3E+01
    88      1  1.0E+00     91 (4.7E-07) 2.4E+00  1.5515297E+03     15 2.3E+01
    89      1  1.0E+00     92 (1.0E-09) 3.0E-03  1.5516003E+03     15 2.4E+06

 Major Minors     Step   nCon Feasible  Optimal  MeritFunction     nS Penalty
    90      3  1.0E+00     93 (3.5E-11) 4.1E-03  1.5513660E+03     13 6.1E+03
    91      4  1.0E+00     94 (1.9E-07) 1.0E+00  1.5353437E+03     14 4.4E+02
    92      2  1.0E+00     95 (9.2E-07) 5.0E+00  1.5021640E+03     13 1.2E+02
    93      1  1.0E+00     96 (2.4E-07) 1.3E+00  1.4918234E+03     13 1.2E+02
    94      5  1.0E+00     97 (4.2E-10) 5.1E-03  1.4915018E+03     13 1.2E+02
    95      1  1.0E+00     98 (1.1E-07) 5.7E-01  1.4864329E+03     13 1.2E+02
    96      2  1.0E+00     99 (2.3E-10) 5.5E-03  1.4864999E+03     12 7.1E+06
    97      3  1.0E+00    100 (5.3E-12) 5.6E-03  1.4863924E+03     12 2.1E+04
    98      2  1.0E+00    101 (2.3E-11) 5.6E-03  1.4863106E+03     13 1.7E+03
    99      1  1.0E+00    102 (4.6E-08) 2.3E-01  1.4857606E+03     13 4.6E+02

 Major Minors     Step   nCon Feasible  Optimal  MeritFunction     nS Penalty
   100      1  1.0E+00    103 (6.4E-10) 5.6E-03  1.4856710E+03     13 4.6E+02
   101      2  1.0E+00    104 (2.3E-08) 1.2E-01  1.4848452E+03     12 4.6E+02
   102      2  1.0E+00    105 (4.3E-10) 5.6E-03  1.4840209E+03     11 4.6E+02
   103      1  1.0E+00    106 (9.7E-08) 4.8E-01  1.4806762E+03     11 4.6E+02
   104      2  1.0E+00    107 (4.1E-10) 3.5E-03  1.4797680E+03     12 4.6E+02
   105      2  1.0E+00    108 (2.8E-06) 1.4E+01  1.4210979E+03     11 4.6E+02
   106      2  1.0E+00    109 (6.9E-08) 4.0E-01  1.4150664E+03     10 3.4E+05
   107      2  1.0E+00    110 (6.2E-07) 3.6E+00  1.4021835E+03     11 9.4E+03
   108      1  1.0E+00    111 (5.4E-09) 2.8E-03  1.4020545E+03     11 2.2E+03
   109      1  1.0E+00    113 (2.2E-13) 2.8E-03  1.4020456E+03     11 1.1E+03

 Major Minors     Step   nCon Feasible  Optimal  MeritFunction     nS Penalty
   110      3  1.0E+00    115 (4.5E-13) 1.5E-03  1.4020368E+03     13 1.1E+03   R
   111      8  1.0E+00    116 (5.6E-16) 1.3E-03  1.4020358E+03     10 1.1E+03 s
   112      2  1.0E+00    117  4.7E-05  3.6E+02  1.3838484E+03     11 1.1E+03
   113      3  1.0E+00    118  7.6E-05  5.5E+02  1.3470491E+03     11 1.1E+03
   114      3  1.0E+00    119 (6.3E-06) 4.0E+01  1.2281961E+03     13 1.1E+03
