
 ==============================
 S N O P T  7.7.7    (Feb 2021)
 ==============================

 SNMEMB EXIT 100 -- finished successfully
 SNMEMB INFO 104 -- memory requirements estimated

 ==============================
 S N O P T  7.7.7    (Feb 2021)
 ==============================



 Nonlinear constraints       1     Linear constraints       0
 Nonlinear variables        22     Linear variables         0
 Jacobian  variables        22     Objective variables     22
 Total constraints           1     Total variables         22



 The user has defined      22   out of      22   constraint gradients.
 The user has defined      22   out of      22   objective  gradients.


 Major Minors     Step   nCon Feasible  Optimal  MeritFunction     nS Penalty
     0     22               1  3.3E-05  1.8E-04  1.3226048E+02     21           r
     1      1  1.0E+00      2 (3.6E-08) 1.8E-04  1.3247881E+02     21 2.3E+02   r
     2      1  1.4E-01      3  1.1E-05  2.9E-03  1.3243708E+02     21 1.5E+01 s
     3      1  1.2E-01      4  2.1E-05  2.8E-03  1.3239266E+02     21 5.5E+00
     4      1  8.9E-02      5  2.8E-05  2.8E-03  1.3235436E+02     21 5.5E+00
     5      1  7.0E-02      6  3.3E-05  2.8E-03  1.3231955E+02     21 5.5E+00
     6      1  5.9E-02      7  3.6E-05  2.8E-03  1.3228708E+02     21 5.5E+00
     7      1  5.1E-02      8  3.9E-05  2.8E-03  1.3225621E+02     21 5.5E+00
     8      1  4.5E-02      9  4.2E-05  2.8E-03  1.3222649E+02     21 5.5E+00
     9      1  4.2E-02     10  4.4E-05  2.8E-03  1.3219755E+02     21 5.5E+00

 Major Minors     Step   nCon Feasible  Optimal  MeritFunction     nS Penalty
    10      1  3.9E-02     11  4.6E-05  2.8E-03  1.3216915E+02     21 5.5E+00
    11      1  3.7E-02     12  4.8E-05  2.8E-03  1.3214107E+02     21 5.5E+00
    12      1  3.6E-02     13  5.0E-05  2.8E-03  1.3211312E+02     21 5.5E+00
    13      1  3.6E-02     14  5.2E-05  2.8E-03  1.3208514E+02     21 5.5E+00
    14      1  3.6E-02     15  5.3E-05  2.7E-03  1.3205696E+02     21 5.5E+00
    15      1  3.7E-02     16  5.5E-05  2.7E-03  1.3202843E+02     21 5.5E+00
    16      1  3.9E-02     17  5.6E-05  2.6E-03  1.3199938E+02     21 5.5E+00
    17      1  4.1E-02     18  5.8E-05  2.5E-03  1.3196962E+02     21 5.5E+00
    18      1  4.4E-02     19  5.9E-05  2.4E-03  1.3193895E+02     21 5.5E+00
    19      1  4.9E-02     20  6.1E-05  2.3E-03  1.3190717E+02     21 5.5E+00

 Major Minors     Step   nCon Feasible  Optimal  MeritFunction     nS Penalty
    20      1  5.6E-02     21  6.2E-05  2.1E-03  1.3187402E+02     21 5.5E+00
    21      1  6.5E-02     22  6.4E-05  1.9E-03  1.3183925E+02     21 5.5E+00
    22      1  5.8E-02     23  6.4E-05  1.8E-03  1.3181108E+02     21 5.5E+00
    23      1  7.1E-02     24  6.5E-05  1.6E-03  1.3178077E+02     21 5.5E+00
    24      1  8.9E-02     25  6.5E-05  1.4E-03  1.3174847E+02     21 5.5E+00
    25      1  1.2E-01     26  6.5E-05  1.1E-03  1.3171394E+02     21 5.5E+00
    26      1  1.7E-01     27  6.6E-05  8.2E-04  1.3167728E+02     21 5.5E+00
    27      1  2.7E-01     28  6.6E-05  4.4E-04  1.3163974E+02     21 5.5E+00
    28      1  1.0E+00     29  1.1E-04  7.7E-04  1.3163804E+02     21 5.5E+00
    29      1  1.0E+00     30 (1.7E-06) 6.7E-04  1.3157794E+02     21 5.5E+00

 Major Minors     Step   nCon Feasible  Optimal  MeritFunction     nS Penalty
    30      1  1.0E+00     31 (4.2E-06) 4.9E-05  1.3156920E+02     21 5.5E+00
    31      1  1.0E+00     32  1.3E-05  2.8E-04  1.3154447E+02     21 5.5E+00
    32      2  1.0E+00     33  3.4E-05  4.2E-04  1.3149508E+02     20 5.5E+00
    33      1  1.0E+00     34 (1.2E-06) 4.2E-04  1.3145750E+02     20 5.5E+00
    34      1  1.0E+00     35  1.2E-04  1.5E-04  1.3142601E+02     20 5.5E+00
    35      1  1.0E+00     36 (8.8E-06) 9.4E-04  1.3130787E+02     20 5.5E+00
    36      1  1.0E+00     37  3.5E-05  4.3E-04  1.3120273E+02     20 5.5E+00
    37      2  1.0E+00     38  2.1E-05  2.0E-04  1.3116816E+02     21 5.5E+00
    38      1  1.0E+00     39  1.5E-05  2.7E-05  1.3114180E+02     21 5.5E+00
    39      1  1.0E+00     40  3.0E-05  2.1E-04  1.3111224E+02     21 5.5E+00

 Major Minors     Step   nCon Feasible  Optimal  MeritFunction     nS Penalty
    40      1  1.0E+00     41  2.6E-05  2.7E-04  1.3108339E+02     21 5.5E+00
    41      1  1.0E+00     42  2.6E-05  2.8E-04  1.3105477E+02     21 5.5E+00
    42      2  1.0E+00     43  3.5E-05  1.9E-04  1.3102235E+02     20 5.5E+00
    43      1  1.0E+00     44  5.7E-05  1.4E-04  1.3098710E+02     20 5.5E+00
    44      3  1.0E+00     45  5.1E-05  2.6E-04  1.3093125E+02     20 5.5E+00
    45      2  1.0E+00     46  5.3E-05  5.7E-04  1.3086646E+02     19 5.5E+00
    46      1  1.0E+00     47  2.4E-05  1.0E-03  1.3078278E+02     19 5.5E+00
    47      2  1.0E+00     48  6.1E-05  9.6E-04  1.3059397E+02     20 5.5E+00
    48      1  1.0E+00     49  2.2E-04  3.9E-04  1.3053418E+02     20 5.5E+00
    49      1  1.0E+00     50  1.5E-05  1.9E-04  1.3028659E+02     20 5.5E+00

 Major Minors     Step   nCon Feasible  Optimal  MeritFunction     nS Penalty
    50      2  4.5E-01     51  5.6E-05  6.8E-04  1.3019892E+02     19 5.5E+00
    51      2  1.0E+00     52  1.6E-04  4.0E-05  1.3011232E+02     20 5.5E+00
    52      2  1.0E+00     53  9.5E-05  3.7E-04  1.2995161E+02     19 5.5E+00
    53      2  1.0E+00     54  1.1E-04  1.2E-04  1.2985991E+02     18 5.5E+00
    54      1  1.0E+00     55  2.9E-05  6.4E-04  1.2971988E+02     18 5.5E+00
    55      3  2.0E-01     56  5.3E-05  1.1E-03  1.2958626E+02     18 5.5E+00
    56      1  8.7E-02     57  5.8E-05  1.2E-03  1.2949294E+02     18 5.5E+00
    57      1  1.1E-01     58  7.5E-05  1.6E-03  1.2934155E+02     18 5.5E+00
    58      1  7.4E-02     59  8.5E-05  2.2E-03  1.2922049E+02     18 5.5E+00
    59      3  5.5E-02     60  9.3E-05  2.4E-03  1.2911401E+02     18 5.5E+00

 Major Minors     Step   nCon Feasible  Optimal  MeritFunction     nS Penalty
    60      1  5.1E-02     61  1.0E-04  1.5E-03  1.2901016E+02     18 5.5E+00
    61      1  5.8E-02     62  1.1E-04  6.9E-04  1.2889940E+02     18 5.5E+00
    62      1  6.7E-02     63  1.2E-04  1.3E-04  1.2878076E+02     18 5.5E+00
    63      1  7.9E-02     64  1.3E-04  8.1E-04  1.2865259E+02     18 5.5E+00
    64      1  4.1E-02     65  1.3E-04  9.3E-04  1.2858526E+02     18 5.5E+00
    65      1  5.4E-02     66  1.4E-04  7.5E-04  1.2849896E+02     18 5.5E+00
    66      2  7.0E-02     67  1.4E-04  1.1E-03  1.2839255E+02     19 5.5E+00
    67      1  8.4E-02     68  1.4E-04  1.4E-03  1.2827037E+02     19 5.5E+00
    68      1  1.1E-01     69  1.5E-04  1.8E-03  1.2812532E+02     19 5.5E+00
    69      1  1.0E-01     70  1.5E-04  1.9E-03  1.2799115E+02     19 5.5E+00

 Major Minors     Step   nCon Feasible  Optimal  MeritFunction     nS Penalty
    70      1  1.3E-01     71  1.6E-04  1.8E-03  1.2782931E+02     19 5.5E+00
    71      1  1.9E-01     72  1.7E-04  2.0E-03  1.2762933E+02     19 5.5E+00
    72      1  2.7E-01     73  1.9E-04  2.1E-03  1.2738357E+02     19 5.5E+00
    73      1  4.5E-01     74  2.3E-04  1.9E-03  1.2707767E+02     19 5.5E+00
    74      1  1.0E+00     75  3.4E-04  1.4E-03  1.2678254E+02     19 5.5E+00
    75      1  1.0E+00     76  6.7E-05  2.0E-03  1.2646224E+02     19 5.5E+00
    76      1  4.7E-01     77  8.9E-05  1.5E-03  1.2641523E+02     19 5.5E+00
    77      1  3.3E-01     78  9.8E-05  5.4E-04  1.2637085E+02     19 5.5E+00
    78      1  3.3E-01     79  1.0E-04  2.9E-04  1.2633033E+02     19 5.5E+00
    79      1  4.0E-01     80  1.1E-04  2.9E-05  1.2629131E+02     19 5.5E+00

 Major Minors     Step   nCon Feasible  Optimal  MeritFunction     nS Penalty
    80      2  1.0E+00     81  1.6E-04  3.8E-04  1.2627491E+02     20 5.5E+00
    81      1  1.0E+00     82  1.2E-05  4.2E-04  1.2620612E+02     20 5.5E+00
    82      1  1.0E+00     83  9.5E-05  5.4E-04  1.2619553E+02     20 5.5E+00
    83      1  1.0E+00     84  2.4E-05  2.3E-04  1.2615830E+02     20 5.5E+00
    84      1  1.0E+00     85  2.5E-05  2.2E-04  1.2614230E+02     20 5.5E+00
    85      1  1.0E+00     86 (8.3E-06) 1.7E-04  1.2613301E+02     20 5.5E+00
    86      1  1.0E+00     87 (1.0E-05) 6.1E-05  1.2612595E+02     20 5.5E+00
    87      1  1.0E+00     88 (9.4E-06) 5.5E-05  1.2612057E+02     20 5.5E+00
    88      1  1.0E+00     89 (8.8E-06) 1.1E-04  1.2611583E+02     20 5.5E+00
    89      1  1.0E+00     90 (7.6E-06) 1.2E-04  1.2611093E+02     20 5.5E+00

 Major Minors     Step   nCon Feasible  Optimal  MeritFunction     nS Penalty
    90      1  1.0E+00     91 (6.5E-06) 8.9E-05  1.2610552E+02     20 5.5E+00
    91      1  1.0E+00     92 (4.0E-06) 1.6E-05  1.2610058E+02     20 5.5E+00
    92      1  1.0E+00     93 (3.0E-06) 1.4E-04  1.2609719E+02     20 5.5E+00
    93      1  1.0E+00     94 (2.5E-06) 2.5E-04  1.2609508E+02     20 5.5E+00
    94      1  1.0E+00     95 (2.8E-06) 2.9E-04  1.2609297E+02     20 5.5E+00
    95      1  1.0E+00     96 (3.9E-06) 2.7E-04  1.2609032E+02     20 5.5E+00
    96      1  1.0E+00     97 (4.1E-06) 1.7E-04  1.2608794E+02     20 5.5E+00
    97      1  1.0E+00     98 (2.4E-06) 5.7E-05  1.2608672E+02     20 5.5E+00
    98      1  1.0E+00     99 (8.2E-07) 8.0E-06  1.2608614E+02     20 5.5E+00
    99      1  1.0E+00    100 (6.6E-07) 3.5E-05  1.2608552E+02     20 5.5E+00

 Major Minors     Step   nCon Feasible  Optimal  MeritFunction     nS Penalty
   100      1  1.0E+00    101 (1.1E-06) 5.6E-05  1.2608458E+02     20 5.5E+00
   101      1  1.0E+00    102 (1.9E-06) 5.5E-05  1.2608350E+02     20 5.5E+00
   102      1  1.0E+00    103 (1.6E-06) 2.9E-05  1.2608280E+02     20 5.5E+00
   103      1  1.0E+00    104 (5.0E-07) 6.1E-06  1.2608250E+02     20 5.5E+00
   104      1  1.0E+00    105 (2.0E-07) 1.3E-05  1.2608229E+02     20 5.5E+00
   105      1  1.0E+00    106 (3.7E-07) 3.1E-05  1.2608194E+02     20 5.5E+00
   106      1  1.0E+00    107 (7.5E-07) 3.0E-05  1.2608145E+02     20 5.5E+00
   107      1  1.0E+00    108 (8.9E-07) 1.9E-06  1.2608103E+02     20 5.5E+00
   108      1  1.0E+00    109 (3.8E-07) 1.6E-05  1.2608082E+02     20 5.5E+00
   109      1  1.0E+00    110 (1.1E-07) 2.1E-05  1.2608072E+02     20 5.5E+00

 Major Minors     Step   nCon Feasible  Optimal  MeritFunction     nS Penalty
   110      1  1.0E+00    111 (1.3E-07) 1.9E-05  1.2608062E+02     20 5.5E+00
   111      1  1.0E+00    112 (2.7E-07) 1.3E-05  1.2608046E+02     20 5.5E+00
   112      1  1.0E+00    113 (3.1E-07) 1.0E-06  1.2608031E+02     20 5.5E+00
   113      1  1.0E+00    114 (1.5E-07) 2.9E-05  1.2608023E+02     20 5.5E+00
   114      1  1.0E+00    115 (5.1E-08) 4.8E-05  1.2608019E+02     20 5.5E+00
   115      1  1.0E+00    116 (6.2E-08) 5.6E-05  1.2608013E+02     20 5.5E+00
   116      1  1.0E+00    117 (1.4E-07) 5.5E-05  1.2608003E+02     20 5.5E+00
   117      1  1.0E+00    118 (2.1E-07) 4.0E-05  1.2607992E+02     20 5.5E+00
   118      1  1.0E+00    119 (1.6E-07) 1.4E-05  1.2607983E+02     20 5.5E+00
   119      1  1.0E+00    120 (6.3E-08) 4.1E-06  1.2607979E+02     20 5.5E+00

 Major Minors     Step   nCon Feasible  Optimal  MeritFunction     nS Penalty
   120      1  1.0E+00    121 (3.6E-08) 1.1E-05  1.2607976E+02     20 5.5E+00
   121      1  1.0E+00    122 (7.0E-08) 1.5E-05  1.2607970E+02     20 5.5E+00
   122      1  1.0E+00    123 (1.3E-07) 1.6E-05  1.2607962E+02     20 5.5E+00
   123      1  1.0E+00    124 (1.5E-07) 9.6E-06  1.2607952E+02     20 5.5E+00
   124      1  1.0E+00    125 (9.4E-08) 1.4E-06  1.2607945E+02     20 5.5E+00
   125      1  1.0E+00    126 (6.1E-08) 1.6E-05  1.2607940E+02     20 5.5E+00
   126      1  1.0E+00    127 (7.6E-08) 2.6E-05  1.2607934E+02     20 5.5E+00
   127      1  1.0E+00    128 (1.3E-07) 2.7E-05  1.2607926E+02     20 5.5E+00
   128      1  1.0E+00    129 (1.3E-07) 1.7E-05  1.2607920E+02     20 5.5E+00
   129      1  1.0E+00    130 (6.8E-08) 3.3E-06  1.2607916E+02     20 5.5E+00

 Major Minors     Step   nCon Feasible  Optimal  MeritFunction     nS Penalty
   130      1  1.0E+00    131 (3.5E-08) 3.6E-06  1.2607913E+02     20 5.5E+00
   131      1  1.0E+00    132 (5.1E-08) 8.0E-06  1.2607909E+02     20 5.5E+00
   132      1  1.0E+00    133 (9.5E-08) 1.0E-05  1.2607904E+02     20 5.5E+00
   133      1  1.0E+00    134 (1.0E-07) 7.7E-06  1.2607899E+02     20 5.5E+00
   134      1  1.0E+00    135 (4.7E-08) 2.7E-06  1.2607897E+02     20 5.5E+00
   135      1  1.0E+00    136 (9.1E-09) 2.4E-07  1.2607897E+02     20 5.5E+00
   136      1  1.0E+00    137 (2.0E-09) 1.7E-06  1.2607897E+02     20 5.5E+00
   137      1  1.0E+00    138 (6.1E-09) 5.0E-06  1.2607896E+02     20 5.5E+00
   138      1  1.0E+00    139 (1.2E-08) 9.2E-06  1.2607895E+02     20 5.5E+00
   139      1  1.0E+00    140 (2.2E-08) 1.3E-05  1.2607894E+02     20 5.5E+00

 Major Minors     Step   nCon Feasible  Optimal  MeritFunction     nS Penalty
   140      1  1.0E+00    141 (2.5E-08) 1.4E-05  1.2607892E+02     20 5.5E+00
   141      1  1.0E+00    142 (1.9E-08) 1.2E-05  1.2607891E+02     20 5.5E+00
   142      1  1.0E+00    143 (1.3E-08) 9.9E-06  1.2607890E+02     20 5.5E+00
   143      1  1.0E+00    144 (1.5E-08) 6.4E-06  1.2607889E+02     20 5.5E+00
   144      1  1.0E+00    145 (2.5E-08) 1.3E-06  1.2607886E+02     20 5.5E+00
   145      1  1.0E+00    146 (3.1E-08) 1.0E-06  1.2607884E+02     20 5.5E+00
   146      1  1.0E+00    147 (3.3E-08) 6.7E-07  1.2607882E+02     20 5.5E+00
   147      1  1.0E+00    148 (1.7E-08) 1.4E-07  1.2607881E+02     20 5.5E+00
   148      1  1.0E+00    149 (2.0E-09) 1.4E-07  1.2607881E+02     20 5.5E+00
   149      1  1.0E+00    150 (2.4E-10) 1.4E-07  1.2607881E+02     20 5.5E+00

 Major Minors     Step   nCon Feasible  Optimal  MeritFunction     nS Penalty
   150      1  1.0E+00    151 (9.9E-10) 1.3E-07  1.2607881E+02     20 5.5E+00
   151      1  1.0E+00    152 (1.7E-09) 1.6E-07  1.2607881E+02     20 5.5E+00
   152      1  1.0E+00    153 (3.0E-09) 1.9E-07  1.2607880E+02     20 5.5E+00
   153      1  1.0E+00    154 (1.6E-09) 2.5E-07  1.2607880E+02     20 5.5E+00
   154      1  1.0E+00    155 (1.6E-09) 2.1E-07  1.2607879E+02     20 5.5E+00
   155      1  1.0E+00    156 (7.1E-09) 1.5E-07  1.2607878E+02     20 5.5E+00
   156      1  1.0E+00    157 (2.3E-09) 6.0E-08  1.2607878E+02     20 5.5E+00
   157      1  1.0E+00    158 (6.7E-11) 1.6E-08  1.2607878E+02     20 5.5E+00
   158      1  1.0E+00    159 (1.2E-13) 5.0E-09  1.2607878E+02     20 5.5E+00
   159      1  1.0E+00    160 (6.9E-15) 1.7E-09  1.2607878E+02     20 5.5E+00

 Major Minors     Step   nCon Feasible  Optimal  MeritFunction     nS Penalty
   160      1  1.0E+00    161 (8.0E-16) 3.1E-10  1.2607878E+02     20 5.5E+00
   161      1  1.0E+00    162 (2.1E-16)(1.6E-11) 1.2607878E+02     20 5.5E+00

 SNOPTC EXIT   0 -- finished successfully
 SNOPTC INFO   1 -- optimality conditions satisfied

 Problem name                 Optimiza
 No. of iterations                 200   Objective            1.2607878318E+02
 No. of major iterations           161   Linear    obj. term  0.0000000000E+00
 Penalty parameter           5.503E+00   Nonlinear obj. term  1.2607878318E+02
 User function calls (total)       417   Calls with modes 1,2 (known g)    162
 No. of superbasics                 20   No. of basic nonlinears             1
 No. of degenerate steps             0   Percentage                       0.00
 Max x                      21 9.0E+02   Max pi                      1 4.6E+00
 Max Primal infeas          23 1.9E-13   Max Dual infeas            22 3.1E-07
 Nonlinear constraint violn    1.9E-13



 Solution printed on file  18

 Time for MPS input                             0.00 seconds
 Time for solving problem                     758.12 seconds
 Time for solution output                       0.00 seconds
 Time for constraint functions                758.12 seconds
 Time for objective function                    0.00 seconds
