4.000000000000000000e+01
4.000000000000000000e+01
4.000000000000000000e+01
4.000000000000000000e+01
4.000000000000000000e+01
4.000000000000000000e+01
4.000000000000000000e+01
4.000000000000000000e+01
4.000000000000000000e+01
4.000000000000000000e+01
4.000000000000000000e+01
4.000000000000000000e+01
4.000000000000000000e+01
4.000000000000000000e+01
4.000000000000000000e+01
4.000000000000000000e+01
4.000000000000000000e+01
4.000000000000000000e+01
4.000000000000000000e+01
4.000000000000000000e+01
4.000000000000000000e+01
4.000000000000000000e+01
4.000000000000000000e+01
4.000000000000000000e+01
4.000000000000000000e+01
4.000000000000000000e+01
4.000000000000000000e+01
4.000000000000000000e+01
4.000000000000000000e+01
4.000000000000000000e+01
4.000000000000000000e+01
4.000000000000000000e+01
4.000000000000000000e+01
4.000000000000000000e+01
4.000000000000000000e+01
4.000000000000000000e+01
4.000000000000000000e+01
4.000000000000000000e+01
4.000000000000000000e+01
4.000000000000000000e+01
4.000000000000000000e+01
4.000000000000000000e+01
4.000000000000000000e+01
4.000000000000000000e+01
3.133837073981579380e+01
3.540724876380571118e+01
5.618401257341690069e+01
6.777699732827529999e+01
7.206933237659579561e+01
7.447089297626351367e+01
7.689394622504745769e+01
7.813847636477530045e+01
7.855845717555696694e+01
7.855845717555696694e+01
4.000000000000000000e+01
4.000000000000000000e+01
7.855845717555696694e+01
7.855845717555696694e+01
7.813847636477530045e+01
7.689394622504745769e+01
7.447089297626351367e+01
7.206933237659579561e+01
6.777699732827529999e+01
5.618401257341690069e+01
3.540724876380571118e+01
3.133837073981579380e+01
4.000000000000000000e+01
4.000000000000000000e+01
4.000000000000000000e+01
4.000000000000000000e+01
4.000000000000000000e+01
4.000000000000000000e+01
4.000000000000000000e+01
4.000000000000000000e+01
4.000000000000000000e+01
4.000000000000000000e+01
3.148369010864910322e+01
4.065437491416024329e+01
5.769302199622728011e+01
6.846329671890644875e+01
7.234203484604429946e+01
7.470863101869463208e+01
7.707594357256294870e+01
7.823098705884683568e+01
7.855058373204758482e+01
7.855058373204758482e+01
4.000000000000000000e+01
4.000000000000000000e+01
7.855058373204758482e+01
7.855058373204758482e+01
7.823098705884683568e+01
7.707594357256294870e+01
7.470863101869463208e+01
7.234203484604429946e+01
6.846329671890644875e+01
5.769302199622728011e+01
4.065437491416024329e+01
3.148369010864910322e+01
4.000000000000000000e+01
4.000000000000000000e+01
4.000000000000000000e+01
4.000000000000000000e+01
4.000000000000000000e+01
4.000000000000000000e+01
4.000000000000000000e+01
4.000000000000000000e+01
4.000000000000000000e+01
4.000000000000000000e+01
4.000000000000000000e+01
4.000000000000000000e+01
4.000000000000000000e+01
4.000000000000000000e+01
4.000000000000000000e+01
4.000000000000000000e+01
4.000000000000000000e+01
4.000000000000000000e+01
4.000000000000000000e+01
4.000000000000000000e+01
4.000000000000000000e+01
4.000000000000000000e+01
4.000000000000000000e+01
4.000000000000000000e+01
4.000000000000000000e+01
4.000000000000000000e+01
4.000000000000000000e+01
4.000000000000000000e+01
4.000000000000000000e+01
4.000000000000000000e+01
4.000000000000000000e+01
4.000000000000000000e+01
4.000000000000000000e+01
4.000000000000000000e+01
4.000000000000000000e+01
4.000000000000000000e+01
4.000000000000000000e+01
4.000000000000000000e+01
4.000000000000000000e+01
4.000000000000000000e+01
4.000000000000000000e+01
4.000000000000000000e+01
